c comments Partial Max-SAT
c mpu6kCtl
c [(["mpu6000_cont","last_value_3","transaction_pending","gyro","accel","ready","retries"],11111111),(["last_value_3"],11111111),(["ready","transaction_pending","gyro","accel"],20000)]
p wcnf 49 210 2147483637
2147483637 22 23 24 25 26 27 28 0
2147483637 15 16 17 18 19 20 21 0
2147483637 43 44 45 46 47 48 49 0
2147483637 8 9 10 11 12 13 14 0
2147483637 1 2 3 4 5 6 7 0
2147483637 29 30 31 32 33 34 35 0
2147483637 36 37 38 39 40 41 42 0
2147483637 -22 -23 0
2147483637 -22 -24 0
2147483637 -22 -25 0
2147483637 -22 -26 0
2147483637 -22 -27 0
2147483637 -22 -28 0
2147483637 -23 -24 0
2147483637 -23 -25 0
2147483637 -23 -26 0
2147483637 -23 -27 0
2147483637 -23 -28 0
2147483637 -24 -25 0
2147483637 -24 -26 0
2147483637 -24 -27 0
2147483637 -24 -28 0
2147483637 -25 -26 0
2147483637 -25 -27 0
2147483637 -25 -28 0
2147483637 -26 -27 0
2147483637 -26 -28 0
2147483637 -27 -28 0
2147483637 -15 -16 0
2147483637 -15 -17 0
2147483637 -15 -18 0
2147483637 -15 -19 0
2147483637 -15 -20 0
2147483637 -15 -21 0
2147483637 -16 -17 0
2147483637 -16 -18 0
2147483637 -16 -19 0
2147483637 -16 -20 0
2147483637 -16 -21 0
2147483637 -17 -18 0
2147483637 -17 -19 0
2147483637 -17 -20 0
2147483637 -17 -21 0
2147483637 -18 -19 0
2147483637 -18 -20 0
2147483637 -18 -21 0
2147483637 -19 -20 0
2147483637 -19 -21 0
2147483637 -20 -21 0
2147483637 -43 -44 0
2147483637 -43 -45 0
2147483637 -43 -46 0
2147483637 -43 -47 0
2147483637 -43 -48 0
2147483637 -43 -49 0
2147483637 -44 -45 0
2147483637 -44 -46 0
2147483637 -44 -47 0
2147483637 -44 -48 0
2147483637 -44 -49 0
2147483637 -45 -46 0
2147483637 -45 -47 0
2147483637 -45 -48 0
2147483637 -45 -49 0
2147483637 -46 -47 0
2147483637 -46 -48 0
2147483637 -46 -49 0
2147483637 -47 -48 0
2147483637 -47 -49 0
2147483637 -48 -49 0
2147483637 -8 -9 0
2147483637 -8 -10 0
2147483637 -8 -11 0
2147483637 -8 -12 0
2147483637 -8 -13 0
2147483637 -8 -14 0
2147483637 -9 -10 0
2147483637 -9 -11 0
2147483637 -9 -12 0
2147483637 -9 -13 0
2147483637 -9 -14 0
2147483637 -10 -11 0
2147483637 -10 -12 0
2147483637 -10 -13 0
2147483637 -10 -14 0
2147483637 -11 -12 0
2147483637 -11 -13 0
2147483637 -11 -14 0
2147483637 -12 -13 0
2147483637 -12 -14 0
2147483637 -13 -14 0
2147483637 -1 -2 0
2147483637 -1 -3 0
2147483637 -1 -4 0
2147483637 -1 -5 0
2147483637 -1 -6 0
2147483637 -1 -7 0
2147483637 -2 -3 0
2147483637 -2 -4 0
2147483637 -2 -5 0
2147483637 -2 -6 0
2147483637 -2 -7 0
2147483637 -3 -4 0
2147483637 -3 -5 0
2147483637 -3 -6 0
2147483637 -3 -7 0
2147483637 -4 -5 0
2147483637 -4 -6 0
2147483637 -4 -7 0
2147483637 -5 -6 0
2147483637 -5 -7 0
2147483637 -6 -7 0
2147483637 -29 -30 0
2147483637 -29 -31 0
2147483637 -29 -32 0
2147483637 -29 -33 0
2147483637 -29 -34 0
2147483637 -29 -35 0
2147483637 -30 -31 0
2147483637 -30 -32 0
2147483637 -30 -33 0
2147483637 -30 -34 0
2147483637 -30 -35 0
2147483637 -31 -32 0
2147483637 -31 -33 0
2147483637 -31 -34 0
2147483637 -31 -35 0
2147483637 -32 -33 0
2147483637 -32 -34 0
2147483637 -32 -35 0
2147483637 -33 -34 0
2147483637 -33 -35 0
2147483637 -34 -35 0
2147483637 -36 -37 0
2147483637 -36 -38 0
2147483637 -36 -39 0
2147483637 -36 -40 0
2147483637 -36 -41 0
2147483637 -36 -42 0
2147483637 -37 -38 0
2147483637 -37 -39 0
2147483637 -37 -40 0
2147483637 -37 -41 0
2147483637 -37 -42 0
2147483637 -38 -39 0
2147483637 -38 -40 0
2147483637 -38 -41 0
2147483637 -38 -42 0
2147483637 -39 -40 0
2147483637 -39 -41 0
2147483637 -39 -42 0
2147483637 -40 -41 0
2147483637 -40 -42 0
2147483637 -41 -42 0
38347922 15 29 0
38347922 16 30 0
38347922 17 31 0
38347922 18 32 0
38347922 19 33 0
38347922 20 34 0
38347922 21 35 0
38347922 -15 -29 0
38347922 -16 -30 0
38347922 -17 -31 0
38347922 -18 -32 0
38347922 -19 -33 0
38347922 -20 -34 0
38347922 -21 -35 0
38347922 15 43 0
38347922 16 44 0
38347922 17 45 0
38347922 18 46 0
38347922 19 47 0
38347922 20 48 0
38347922 21 49 0
38347922 -15 -43 0
38347922 -16 -44 0
38347922 -17 -45 0
38347922 -18 -46 0
38347922 -19 -47 0
38347922 -20 -48 0
38347922 -21 -49 0
38347922 15 8 0
38347922 16 9 0
38347922 17 10 0
38347922 18 11 0
38347922 19 12 0
38347922 20 13 0
38347922 21 14 0
38347922 -15 -8 0
38347922 -16 -9 0
38347922 -17 -10 0
38347922 -18 -11 0
38347922 -19 -12 0
38347922 -20 -13 0
38347922 -21 -14 0
38347922 15 1 0
38347922 16 2 0
38347922 17 3 0
38347922 18 4 0
38347922 19 5 0
38347922 20 6 0
38347922 21 7 0
38347922 -15 -1 0
38347922 -16 -2 0
38347922 -17 -3 0
38347922 -18 -4 0
38347922 -19 -5 0
38347922 -20 -6 0
38347922 -21 -7 0