c comments Partial Max-SAT
c calcMagBias
c [(["magbias_mag_bias_sums","magbias_diversity_ix","magbias_diversity_vx"],0),(["magbias_diversity_buf","magbias_diversity_vx","magbias_diversity_ix","magbias_mag_bias_sums"],11111111),(["magbias_mag_bias_sums","magbias_diversity_vx"],100)]
p wcnf 16 28 2147483637
2147483637 13 14 15 16 0
2147483637 5 6 7 8 0
2147483637 9 10 11 12 0
2147483637 1 2 3 4 0
2147483637 -13 -14 0
2147483637 -13 -15 0
2147483637 -13 -16 0
2147483637 -14 -15 0
2147483637 -14 -16 0
2147483637 -15 -16 0
2147483637 -5 -6 0
2147483637 -5 -7 0
2147483637 -5 -8 0
2147483637 -6 -7 0
2147483637 -6 -8 0
2147483637 -7 -8 0
2147483637 -9 -10 0
2147483637 -9 -11 0
2147483637 -9 -12 0
2147483637 -10 -11 0
2147483637 -10 -12 0
2147483637 -11 -12 0
2147483637 -1 -2 0
2147483637 -1 -3 0
2147483637 -1 -4 0
2147483637 -2 -3 0
2147483637 -2 -4 0
2147483637 -3 -4 0