c comments Partial Max-SAT
c fuse
c [(["last_acc","initialized_2","state_vector","covariance"],11111111),(["last_gyro","initialized_2","state_vector","covariance","last_predict","last_mag","in_motion_2","last_acc"],11111111),(["last_mag","initialized_2","state_vector","covariance"],11111111),(["in_motion_2"],11111111)]
p wcnf 64 360 2147483637
2147483637 25 26 27 28 29 30 31 32 0
2147483637 17 18 19 20 21 22 23 24 0
2147483637 57 58 59 60 61 62 63 64 0
2147483637 1 2 3 4 5 6 7 8 0
2147483637 33 34 35 36 37 38 39 40 0
2147483637 49 50 51 52 53 54 55 56 0
2147483637 41 42 43 44 45 46 47 48 0
2147483637 9 10 11 12 13 14 15 16 0
2147483637 -25 -26 0
2147483637 -25 -27 0
2147483637 -25 -28 0
2147483637 -25 -29 0
2147483637 -25 -30 0
2147483637 -25 -31 0
2147483637 -25 -32 0
2147483637 -26 -27 0
2147483637 -26 -28 0
2147483637 -26 -29 0
2147483637 -26 -30 0
2147483637 -26 -31 0
2147483637 -26 -32 0
2147483637 -27 -28 0
2147483637 -27 -29 0
2147483637 -27 -30 0
2147483637 -27 -31 0
2147483637 -27 -32 0
2147483637 -28 -29 0
2147483637 -28 -30 0
2147483637 -28 -31 0
2147483637 -28 -32 0
2147483637 -29 -30 0
2147483637 -29 -31 0
2147483637 -29 -32 0
2147483637 -30 -31 0
2147483637 -30 -32 0
2147483637 -31 -32 0
2147483637 -17 -18 0
2147483637 -17 -19 0
2147483637 -17 -20 0
2147483637 -17 -21 0
2147483637 -17 -22 0
2147483637 -17 -23 0
2147483637 -17 -24 0
2147483637 -18 -19 0
2147483637 -18 -20 0
2147483637 -18 -21 0
2147483637 -18 -22 0
2147483637 -18 -23 0
2147483637 -18 -24 0
2147483637 -19 -20 0
2147483637 -19 -21 0
2147483637 -19 -22 0
2147483637 -19 -23 0
2147483637 -19 -24 0
2147483637 -20 -21 0
2147483637 -20 -22 0
2147483637 -20 -23 0
2147483637 -20 -24 0
2147483637 -21 -22 0
2147483637 -21 -23 0
2147483637 -21 -24 0
2147483637 -22 -23 0
2147483637 -22 -24 0
2147483637 -23 -24 0
2147483637 -57 -58 0
2147483637 -57 -59 0
2147483637 -57 -60 0
2147483637 -57 -61 0
2147483637 -57 -62 0
2147483637 -57 -63 0
2147483637 -57 -64 0
2147483637 -58 -59 0
2147483637 -58 -60 0
2147483637 -58 -61 0
2147483637 -58 -62 0
2147483637 -58 -63 0
2147483637 -58 -64 0
2147483637 -59 -60 0
2147483637 -59 -61 0
2147483637 -59 -62 0
2147483637 -59 -63 0
2147483637 -59 -64 0
2147483637 -60 -61 0
2147483637 -60 -62 0
2147483637 -60 -63 0
2147483637 -60 -64 0
2147483637 -61 -62 0
2147483637 -61 -63 0
2147483637 -61 -64 0
2147483637 -62 -63 0
2147483637 -62 -64 0
2147483637 -63 -64 0
2147483637 -1 -2 0
2147483637 -1 -3 0
2147483637 -1 -4 0
2147483637 -1 -5 0
2147483637 -1 -6 0
2147483637 -1 -7 0
2147483637 -1 -8 0
2147483637 -2 -3 0
2147483637 -2 -4 0
2147483637 -2 -5 0
2147483637 -2 -6 0
2147483637 -2 -7 0
2147483637 -2 -8 0
2147483637 -3 -4 0
2147483637 -3 -5 0
2147483637 -3 -6 0
2147483637 -3 -7 0
2147483637 -3 -8 0
2147483637 -4 -5 0
2147483637 -4 -6 0
2147483637 -4 -7 0
2147483637 -4 -8 0
2147483637 -5 -6 0
2147483637 -5 -7 0
2147483637 -5 -8 0
2147483637 -6 -7 0
2147483637 -6 -8 0
2147483637 -7 -8 0
2147483637 -33 -34 0
2147483637 -33 -35 0
2147483637 -33 -36 0
2147483637 -33 -37 0
2147483637 -33 -38 0
2147483637 -33 -39 0
2147483637 -33 -40 0
2147483637 -34 -35 0
2147483637 -34 -36 0
2147483637 -34 -37 0
2147483637 -34 -38 0
2147483637 -34 -39 0
2147483637 -34 -40 0
2147483637 -35 -36 0
2147483637 -35 -37 0
2147483637 -35 -38 0
2147483637 -35 -39 0
2147483637 -35 -40 0
2147483637 -36 -37 0
2147483637 -36 -38 0
2147483637 -36 -39 0
2147483637 -36 -40 0
2147483637 -37 -38 0
2147483637 -37 -39 0
2147483637 -37 -40 0
2147483637 -38 -39 0
2147483637 -38 -40 0
2147483637 -39 -40 0
2147483637 -49 -50 0
2147483637 -49 -51 0
2147483637 -49 -52 0
2147483637 -49 -53 0
2147483637 -49 -54 0
2147483637 -49 -55 0
2147483637 -49 -56 0
2147483637 -50 -51 0
2147483637 -50 -52 0
2147483637 -50 -53 0
2147483637 -50 -54 0
2147483637 -50 -55 0
2147483637 -50 -56 0
2147483637 -51 -52 0
2147483637 -51 -53 0
2147483637 -51 -54 0
2147483637 -51 -55 0
2147483637 -51 -56 0
2147483637 -52 -53 0
2147483637 -52 -54 0
2147483637 -52 -55 0
2147483637 -52 -56 0
2147483637 -53 -54 0
2147483637 -53 -55 0
2147483637 -53 -56 0
2147483637 -54 -55 0
2147483637 -54 -56 0
2147483637 -55 -56 0
2147483637 -41 -42 0
2147483637 -41 -43 0
2147483637 -41 -44 0
2147483637 -41 -45 0
2147483637 -41 -46 0
2147483637 -41 -47 0
2147483637 -41 -48 0
2147483637 -42 -43 0
2147483637 -42 -44 0
2147483637 -42 -45 0
2147483637 -42 -46 0
2147483637 -42 -47 0
2147483637 -42 -48 0
2147483637 -43 -44 0
2147483637 -43 -45 0
2147483637 -43 -46 0
2147483637 -43 -47 0
2147483637 -43 -48 0
2147483637 -44 -45 0
2147483637 -44 -46 0
2147483637 -44 -47 0
2147483637 -44 -48 0
2147483637 -45 -46 0
2147483637 -45 -47 0
2147483637 -45 -48 0
2147483637 -46 -47 0
2147483637 -46 -48 0
2147483637 -47 -48 0
2147483637 -9 -10 0
2147483637 -9 -11 0
2147483637 -9 -12 0
2147483637 -9 -13 0
2147483637 -9 -14 0
2147483637 -9 -15 0
2147483637 -9 -16 0
2147483637 -10 -11 0
2147483637 -10 -12 0
2147483637 -10 -13 0
2147483637 -10 -14 0
2147483637 -10 -15 0
2147483637 -10 -16 0
2147483637 -11 -12 0
2147483637 -11 -13 0
2147483637 -11 -14 0
2147483637 -11 -15 0
2147483637 -11 -16 0
2147483637 -12 -13 0
2147483637 -12 -14 0
2147483637 -12 -15 0
2147483637 -12 -16 0
2147483637 -13 -14 0
2147483637 -13 -15 0
2147483637 -13 -16 0
2147483637 -14 -15 0
2147483637 -14 -16 0
2147483637 -15 -16 0
16777215 25 9 0
16777215 26 10 0
16777215 27 11 0
16777215 28 12 0
16777215 29 13 0
16777215 30 14 0
16777215 31 15 0
16777215 32 16 0
16777215 -25 -9 0
16777215 -26 -10 0
16777215 -27 -11 0
16777215 -28 -12 0
16777215 -29 -13 0
16777215 -30 -14 0
16777215 -31 -15 0
16777215 -32 -16 0
16777215 17 9 0
16777215 18 10 0
16777215 19 11 0
16777215 20 12 0
16777215 21 13 0
16777215 22 14 0
16777215 23 15 0
16777215 24 16 0
16777215 -17 -9 0
16777215 -18 -10 0
16777215 -19 -11 0
16777215 -20 -12 0
16777215 -21 -13 0
16777215 -22 -14 0
16777215 -23 -15 0
16777215 -24 -16 0
16777215 57 9 0
16777215 58 10 0
16777215 59 11 0
16777215 60 12 0
16777215 61 13 0
16777215 62 14 0
16777215 63 15 0
16777215 64 16 0
16777215 -57 -9 0
16777215 -58 -10 0
16777215 -59 -11 0
16777215 -60 -12 0
16777215 -61 -13 0
16777215 -62 -14 0
16777215 -63 -15 0
16777215 -64 -16 0
16777215 1 9 0
16777215 2 10 0
16777215 3 11 0
16777215 4 12 0
16777215 5 13 0
16777215 6 14 0
16777215 7 15 0
16777215 8 16 0
16777215 -1 -9 0
16777215 -2 -10 0
16777215 -3 -11 0
16777215 -4 -12 0
16777215 -5 -13 0
16777215 -6 -14 0
16777215 -7 -15 0
16777215 -8 -16 0
16777215 41 9 0
16777215 42 10 0
16777215 43 11 0
16777215 44 12 0
16777215 45 13 0
16777215 46 14 0
16777215 47 15 0
16777215 48 16 0
16777215 -41 -9 0
16777215 -42 -10 0
16777215 -43 -11 0
16777215 -44 -12 0
16777215 -45 -13 0
16777215 -46 -14 0
16777215 -47 -15 0
16777215 -48 -16 0
16777215 17 9 0
16777215 18 10 0
16777215 19 11 0
16777215 20 12 0
16777215 21 13 0
16777215 22 14 0
16777215 23 15 0
16777215 24 16 0
16777215 -17 -9 0
16777215 -18 -10 0
16777215 -19 -11 0
16777215 -20 -12 0
16777215 -21 -13 0
16777215 -22 -14 0
16777215 -23 -15 0
16777215 -24 -16 0
16777215 57 9 0
16777215 58 10 0
16777215 59 11 0
16777215 60 12 0
16777215 61 13 0
16777215 62 14 0
16777215 63 15 0
16777215 64 16 0
16777215 -57 -9 0
16777215 -58 -10 0
16777215 -59 -11 0
16777215 -60 -12 0
16777215 -61 -13 0
16777215 -62 -14 0
16777215 -63 -15 0
16777215 -64 -16 0
16777215 1 9 0
16777215 2 10 0
16777215 3 11 0
16777215 4 12 0
16777215 5 13 0
16777215 6 14 0
16777215 7 15 0
16777215 8 16 0
16777215 -1 -9 0
16777215 -2 -10 0
16777215 -3 -11 0
16777215 -4 -12 0
16777215 -5 -13 0
16777215 -6 -14 0
16777215 -7 -15 0
16777215 -8 -16 0