c comments Partial Max-SAT
c user_input_mux
c [(["telem_ui_request","telem_ui_request_time"],100000),(["control_modes_"],2000),(["telem_ui_request_time","control_modes_","telem_ui_request"],2000)]
p wcnf 9 24 2147483637
2147483637 4 5 6 0
2147483637 7 8 9 0
2147483637 1 2 3 0
2147483637 -4 -5 0
2147483637 -4 -6 0
2147483637 -5 -6 0
2147483637 -7 -8 0
2147483637 -7 -9 0
2147483637 -8 -9 0
2147483637 -1 -2 0
2147483637 -1 -3 0
2147483637 -2 -3 0
178956969 4 1 0
178956969 5 2 0
178956969 6 3 0
178956969 -4 -1 0
178956969 -5 -2 0
178956969 -6 -3 0
178956969 7 1 0
178956969 8 2 0
178956969 9 3 0
178956969 -7 -1 0
178956969 -8 -2 0
178956969 -9 -3 0