c comments Partial Max-SAT
c spi1PeripheralDriver
c [(["__TOWER_reg_usage","done"],0),(["reqbufferpos_2","reqbuffer_2","resbufferpos_2","resbuffer_2","__TOWER_reg_usage","done"],11111111),(["done","reqbuffer_2","reqbufferpos_2","resbufferpos_2","resbuffer_2","__TOWER_reg_usage"],11111111)]
p wcnf 36 96 2147483637
2147483637 1 2 3 4 5 6 0
2147483637 7 8 9 10 11 12 0
2147483637 19 20 21 22 23 24 0
2147483637 13 14 15 16 17 18 0
2147483637 31 32 33 34 35 36 0
2147483637 25 26 27 28 29 30 0
2147483637 -1 -2 0
2147483637 -1 -3 0
2147483637 -1 -4 0
2147483637 -1 -5 0
2147483637 -1 -6 0
2147483637 -2 -3 0
2147483637 -2 -4 0
2147483637 -2 -5 0
2147483637 -2 -6 0
2147483637 -3 -4 0
2147483637 -3 -5 0
2147483637 -3 -6 0
2147483637 -4 -5 0
2147483637 -4 -6 0
2147483637 -5 -6 0
2147483637 -7 -8 0
2147483637 -7 -9 0
2147483637 -7 -10 0
2147483637 -7 -11 0
2147483637 -7 -12 0
2147483637 -8 -9 0
2147483637 -8 -10 0
2147483637 -8 -11 0
2147483637 -8 -12 0
2147483637 -9 -10 0
2147483637 -9 -11 0
2147483637 -9 -12 0
2147483637 -10 -11 0
2147483637 -10 -12 0
2147483637 -11 -12 0
2147483637 -19 -20 0
2147483637 -19 -21 0
2147483637 -19 -22 0
2147483637 -19 -23 0
2147483637 -19 -24 0
2147483637 -20 -21 0
2147483637 -20 -22 0
2147483637 -20 -23 0
2147483637 -20 -24 0
2147483637 -21 -22 0
2147483637 -21 -23 0
2147483637 -21 -24 0
2147483637 -22 -23 0
2147483637 -22 -24 0
2147483637 -23 -24 0
2147483637 -13 -14 0
2147483637 -13 -15 0
2147483637 -13 -16 0
2147483637 -13 -17 0
2147483637 -13 -18 0
2147483637 -14 -15 0
2147483637 -14 -16 0
2147483637 -14 -17 0
2147483637 -14 -18 0
2147483637 -15 -16 0
2147483637 -15 -17 0
2147483637 -15 -18 0
2147483637 -16 -17 0
2147483637 -16 -18 0
2147483637 -17 -18 0
2147483637 -31 -32 0
2147483637 -31 -33 0
2147483637 -31 -34 0
2147483637 -31 -35 0
2147483637 -31 -36 0
2147483637 -32 -33 0
2147483637 -32 -34 0
2147483637 -32 -35 0
2147483637 -32 -36 0
2147483637 -33 -34 0
2147483637 -33 -35 0
2147483637 -33 -36 0
2147483637 -34 -35 0
2147483637 -34 -36 0
2147483637 -35 -36 0
2147483637 -25 -26 0
2147483637 -25 -27 0
2147483637 -25 -28 0
2147483637 -25 -29 0
2147483637 -25 -30 0
2147483637 -26 -27 0
2147483637 -26 -28 0
2147483637 -26 -29 0
2147483637 -26 -30 0
2147483637 -27 -28 0
2147483637 -27 -29 0
2147483637 -27 -30 0
2147483637 -28 -29 0
2147483637 -28 -30 0
2147483637 -29 -30 0