c comments Partial Max-SAT
c fragment_0x100
c [(["fragment_sent_0x100","fragment_buf_0x100"],284090),(["fragment_sent_0x100","fragment_aborting_0x100","fragment_buf_0x100"],284090),(["fragment_aborting_0x100"],100000)]
p wcnf 9 24 2147483637
2147483637 7 8 9 0
2147483637 4 5 6 0
2147483637 1 2 3 0
2147483637 -7 -8 0
2147483637 -7 -9 0
2147483637 -8 -9 0
2147483637 -4 -5 0
2147483637 -4 -6 0
2147483637 -5 -6 0
2147483637 -1 -2 0
2147483637 -1 -3 0
2147483637 -2 -3 0
178956969 7 1 0
178956969 8 2 0
178956969 9 3 0
178956969 -7 -1 0
178956969 -8 -2 0
178956969 -9 -3 0
178956969 4 1 0
178956969 5 2 0
178956969 6 3 0
178956969 -4 -1 0
178956969 -5 -2 0
178956969 -6 -3 0