c comments Partial Max-SAT
c applyCalibration_2
c [(["control_law__2"],2000),(["pending_cal_2","pending_cal_ready_2"],100),(["control_law__2","pending_cal_ready_2","pending_cal_2","cal_2"],11111111)]
p wcnf 16 44 2147483637
2147483637 5 6 7 8 0
2147483637 9 10 11 12 0
2147483637 13 14 15 16 0
2147483637 1 2 3 4 0
2147483637 -5 -6 0
2147483637 -5 -7 0
2147483637 -5 -8 0
2147483637 -6 -7 0
2147483637 -6 -8 0
2147483637 -7 -8 0
2147483637 -9 -10 0
2147483637 -9 -11 0
2147483637 -9 -12 0
2147483637 -10 -11 0
2147483637 -10 -12 0
2147483637 -11 -12 0
2147483637 -13 -14 0
2147483637 -13 -15 0
2147483637 -13 -16 0
2147483637 -14 -15 0
2147483637 -14 -16 0
2147483637 -15 -16 0
2147483637 -1 -2 0
2147483637 -1 -3 0
2147483637 -1 -4 0
2147483637 -2 -3 0
2147483637 -2 -4 0
2147483637 -3 -4 0
200000 5 9 0
200000 6 10 0
200000 7 11 0
200000 8 12 0
200000 -5 -9 0
200000 -6 -10 0
200000 -7 -11 0
200000 -8 -12 0
200000 5 13 0
200000 6 14 0
200000 7 15 0
200000 8 16 0
200000 -5 -13 0
200000 -6 -14 0
200000 -7 -15 0
200000 -8 -16 0