c comments Partial Max-SAT
c px4io_driver
c [(["arming_mode"],2000),(["motor_output"],20000),(["init_deadline_2","init_deadline"],0),(["init_deadline","init_deadline_2"],100),(["coroutine_loop_ready","arming_mode"],5000),(["px4io_cont","last_value","px4io_state_","px4io_success","px4io_fail","motor_output","coroutine_loop_ready"],100000),(["last_value"],100000)]
p wcnf 100 1220 2147483637
2147483637 1 3 4 5 6 7 8 9 10 2 0
2147483637 51 53 54 55 56 57 58 59 60 52 0
2147483637 21 23 24 25 26 27 28 29 30 22 0
2147483637 31 33 34 35 36 37 38 39 40 32 0
2147483637 11 13 14 15 16 17 18 19 20 12 0
2147483637 61 63 64 65 66 67 68 69 70 62 0
2147483637 41 43 44 45 46 47 48 49 50 42 0
2147483637 81 83 84 85 86 87 88 89 90 82 0
2147483637 91 93 94 95 96 97 98 99 100 92 0
2147483637 71 73 74 75 76 77 78 79 80 72 0
2147483637 -1 -3 0
2147483637 -1 -4 0
2147483637 -1 -5 0
2147483637 -1 -6 0
2147483637 -1 -7 0
2147483637 -1 -8 0
2147483637 -1 -9 0
2147483637 -1 -10 0
2147483637 -1 -2 0
2147483637 -3 -4 0
2147483637 -3 -5 0
2147483637 -3 -6 0
2147483637 -3 -7 0
2147483637 -3 -8 0
2147483637 -3 -9 0
2147483637 -3 -10 0
2147483637 -3 -2 0
2147483637 -4 -5 0
2147483637 -4 -6 0
2147483637 -4 -7 0
2147483637 -4 -8 0
2147483637 -4 -9 0
2147483637 -4 -10 0
2147483637 -4 -2 0
2147483637 -5 -6 0
2147483637 -5 -7 0
2147483637 -5 -8 0
2147483637 -5 -9 0
2147483637 -5 -10 0
2147483637 -5 -2 0
2147483637 -6 -7 0
2147483637 -6 -8 0
2147483637 -6 -9 0
2147483637 -6 -10 0
2147483637 -6 -2 0
2147483637 -7 -8 0
2147483637 -7 -9 0
2147483637 -7 -10 0
2147483637 -7 -2 0
2147483637 -8 -9 0
2147483637 -8 -10 0
2147483637 -8 -2 0
2147483637 -9 -10 0
2147483637 -9 -2 0
2147483637 -10 -2 0
2147483637 -51 -53 0
2147483637 -51 -54 0
2147483637 -51 -55 0
2147483637 -51 -56 0
2147483637 -51 -57 0
2147483637 -51 -58 0
2147483637 -51 -59 0
2147483637 -51 -60 0
2147483637 -51 -52 0
2147483637 -53 -54 0
2147483637 -53 -55 0
2147483637 -53 -56 0
2147483637 -53 -57 0
2147483637 -53 -58 0
2147483637 -53 -59 0
2147483637 -53 -60 0
2147483637 -53 -52 0
2147483637 -54 -55 0
2147483637 -54 -56 0
2147483637 -54 -57 0
2147483637 -54 -58 0
2147483637 -54 -59 0
2147483637 -54 -60 0
2147483637 -54 -52 0
2147483637 -55 -56 0
2147483637 -55 -57 0
2147483637 -55 -58 0
2147483637 -55 -59 0
2147483637 -55 -60 0
2147483637 -55 -52 0
2147483637 -56 -57 0
2147483637 -56 -58 0
2147483637 -56 -59 0
2147483637 -56 -60 0
2147483637 -56 -52 0
2147483637 -57 -58 0
2147483637 -57 -59 0
2147483637 -57 -60 0
2147483637 -57 -52 0
2147483637 -58 -59 0
2147483637 -58 -60 0
2147483637 -58 -52 0
2147483637 -59 -60 0
2147483637 -59 -52 0
2147483637 -60 -52 0
2147483637 -21 -23 0
2147483637 -21 -24 0
2147483637 -21 -25 0
2147483637 -21 -26 0
2147483637 -21 -27 0
2147483637 -21 -28 0
2147483637 -21 -29 0
2147483637 -21 -30 0
2147483637 -21 -22 0
2147483637 -23 -24 0
2147483637 -23 -25 0
2147483637 -23 -26 0
2147483637 -23 -27 0
2147483637 -23 -28 0
2147483637 -23 -29 0
2147483637 -23 -30 0
2147483637 -23 -22 0
2147483637 -24 -25 0
2147483637 -24 -26 0
2147483637 -24 -27 0
2147483637 -24 -28 0
2147483637 -24 -29 0
2147483637 -24 -30 0
2147483637 -24 -22 0
2147483637 -25 -26 0
2147483637 -25 -27 0
2147483637 -25 -28 0
2147483637 -25 -29 0
2147483637 -25 -30 0
2147483637 -25 -22 0
2147483637 -26 -27 0
2147483637 -26 -28 0
2147483637 -26 -29 0
2147483637 -26 -30 0
2147483637 -26 -22 0
2147483637 -27 -28 0
2147483637 -27 -29 0
2147483637 -27 -30 0
2147483637 -27 -22 0
2147483637 -28 -29 0
2147483637 -28 -30 0
2147483637 -28 -22 0
2147483637 -29 -30 0
2147483637 -29 -22 0
2147483637 -30 -22 0
2147483637 -31 -33 0
2147483637 -31 -34 0
2147483637 -31 -35 0
2147483637 -31 -36 0
2147483637 -31 -37 0
2147483637 -31 -38 0
2147483637 -31 -39 0
2147483637 -31 -40 0
2147483637 -31 -32 0
2147483637 -33 -34 0
2147483637 -33 -35 0
2147483637 -33 -36 0
2147483637 -33 -37 0
2147483637 -33 -38 0
2147483637 -33 -39 0
2147483637 -33 -40 0
2147483637 -33 -32 0
2147483637 -34 -35 0
2147483637 -34 -36 0
2147483637 -34 -37 0
2147483637 -34 -38 0
2147483637 -34 -39 0
2147483637 -34 -40 0
2147483637 -34 -32 0
2147483637 -35 -36 0
2147483637 -35 -37 0
2147483637 -35 -38 0
2147483637 -35 -39 0
2147483637 -35 -40 0
2147483637 -35 -32 0
2147483637 -36 -37 0
2147483637 -36 -38 0
2147483637 -36 -39 0
2147483637 -36 -40 0
2147483637 -36 -32 0
2147483637 -37 -38 0
2147483637 -37 -39 0
2147483637 -37 -40 0
2147483637 -37 -32 0
2147483637 -38 -39 0
2147483637 -38 -40 0
2147483637 -38 -32 0
2147483637 -39 -40 0
2147483637 -39 -32 0
2147483637 -40 -32 0
2147483637 -11 -13 0
2147483637 -11 -14 0
2147483637 -11 -15 0
2147483637 -11 -16 0
2147483637 -11 -17 0
2147483637 -11 -18 0
2147483637 -11 -19 0
2147483637 -11 -20 0
2147483637 -11 -12 0
2147483637 -13 -14 0
2147483637 -13 -15 0
2147483637 -13 -16 0
2147483637 -13 -17 0
2147483637 -13 -18 0
2147483637 -13 -19 0
2147483637 -13 -20 0
2147483637 -13 -12 0
2147483637 -14 -15 0
2147483637 -14 -16 0
2147483637 -14 -17 0
2147483637 -14 -18 0
2147483637 -14 -19 0
2147483637 -14 -20 0
2147483637 -14 -12 0
2147483637 -15 -16 0
2147483637 -15 -17 0
2147483637 -15 -18 0
2147483637 -15 -19 0
2147483637 -15 -20 0
2147483637 -15 -12 0
2147483637 -16 -17 0
2147483637 -16 -18 0
2147483637 -16 -19 0
2147483637 -16 -20 0
2147483637 -16 -12 0
2147483637 -17 -18 0
2147483637 -17 -19 0
2147483637 -17 -20 0
2147483637 -17 -12 0
2147483637 -18 -19 0
2147483637 -18 -20 0
2147483637 -18 -12 0
2147483637 -19 -20 0
2147483637 -19 -12 0
2147483637 -20 -12 0
2147483637 -61 -63 0
2147483637 -61 -64 0
2147483637 -61 -65 0
2147483637 -61 -66 0
2147483637 -61 -67 0
2147483637 -61 -68 0
2147483637 -61 -69 0
2147483637 -61 -70 0
2147483637 -61 -62 0
2147483637 -63 -64 0
2147483637 -63 -65 0
2147483637 -63 -66 0
2147483637 -63 -67 0
2147483637 -63 -68 0
2147483637 -63 -69 0
2147483637 -63 -70 0
2147483637 -63 -62 0
2147483637 -64 -65 0
2147483637 -64 -66 0
2147483637 -64 -67 0
2147483637 -64 -68 0
2147483637 -64 -69 0
2147483637 -64 -70 0
2147483637 -64 -62 0
2147483637 -65 -66 0
2147483637 -65 -67 0
2147483637 -65 -68 0
2147483637 -65 -69 0
2147483637 -65 -70 0
2147483637 -65 -62 0
2147483637 -66 -67 0
2147483637 -66 -68 0
2147483637 -66 -69 0
2147483637 -66 -70 0
2147483637 -66 -62 0
2147483637 -67 -68 0
2147483637 -67 -69 0
2147483637 -67 -70 0
2147483637 -67 -62 0
2147483637 -68 -69 0
2147483637 -68 -70 0
2147483637 -68 -62 0
2147483637 -69 -70 0
2147483637 -69 -62 0
2147483637 -70 -62 0
2147483637 -41 -43 0
2147483637 -41 -44 0
2147483637 -41 -45 0
2147483637 -41 -46 0
2147483637 -41 -47 0
2147483637 -41 -48 0
2147483637 -41 -49 0
2147483637 -41 -50 0
2147483637 -41 -42 0
2147483637 -43 -44 0
2147483637 -43 -45 0
2147483637 -43 -46 0
2147483637 -43 -47 0
2147483637 -43 -48 0
2147483637 -43 -49 0
2147483637 -43 -50 0
2147483637 -43 -42 0
2147483637 -44 -45 0
2147483637 -44 -46 0
2147483637 -44 -47 0
2147483637 -44 -48 0
2147483637 -44 -49 0
2147483637 -44 -50 0
2147483637 -44 -42 0
2147483637 -45 -46 0
2147483637 -45 -47 0
2147483637 -45 -48 0
2147483637 -45 -49 0
2147483637 -45 -50 0
2147483637 -45 -42 0
2147483637 -46 -47 0
2147483637 -46 -48 0
2147483637 -46 -49 0
2147483637 -46 -50 0
2147483637 -46 -42 0
2147483637 -47 -48 0
2147483637 -47 -49 0
2147483637 -47 -50 0
2147483637 -47 -42 0
2147483637 -48 -49 0
2147483637 -48 -50 0
2147483637 -48 -42 0
2147483637 -49 -50 0
2147483637 -49 -42 0
2147483637 -50 -42 0
2147483637 -81 -83 0
2147483637 -81 -84 0
2147483637 -81 -85 0
2147483637 -81 -86 0
2147483637 -81 -87 0
2147483637 -81 -88 0
2147483637 -81 -89 0
2147483637 -81 -90 0
2147483637 -81 -82 0
2147483637 -83 -84 0
2147483637 -83 -85 0
2147483637 -83 -86 0
2147483637 -83 -87 0
2147483637 -83 -88 0
2147483637 -83 -89 0
2147483637 -83 -90 0
2147483637 -83 -82 0
2147483637 -84 -85 0
2147483637 -84 -86 0
2147483637 -84 -87 0
2147483637 -84 -88 0
2147483637 -84 -89 0
2147483637 -84 -90 0
2147483637 -84 -82 0
2147483637 -85 -86 0
2147483637 -85 -87 0
2147483637 -85 -88 0
2147483637 -85 -89 0
2147483637 -85 -90 0
2147483637 -85 -82 0
2147483637 -86 -87 0
2147483637 -86 -88 0
2147483637 -86 -89 0
2147483637 -86 -90 0
2147483637 -86 -82 0
2147483637 -87 -88 0
2147483637 -87 -89 0
2147483637 -87 -90 0
2147483637 -87 -82 0
2147483637 -88 -89 0
2147483637 -88 -90 0
2147483637 -88 -82 0
2147483637 -89 -90 0
2147483637 -89 -82 0
2147483637 -90 -82 0
2147483637 -91 -93 0
2147483637 -91 -94 0
2147483637 -91 -95 0
2147483637 -91 -96 0
2147483637 -91 -97 0
2147483637 -91 -98 0
2147483637 -91 -99 0
2147483637 -91 -100 0
2147483637 -91 -92 0
2147483637 -93 -94 0
2147483637 -93 -95 0
2147483637 -93 -96 0
2147483637 -93 -97 0
2147483637 -93 -98 0
2147483637 -93 -99 0
2147483637 -93 -100 0
2147483637 -93 -92 0
2147483637 -94 -95 0
2147483637 -94 -96 0
2147483637 -94 -97 0
2147483637 -94 -98 0
2147483637 -94 -99 0
2147483637 -94 -100 0
2147483637 -94 -92 0
2147483637 -95 -96 0
2147483637 -95 -97 0
2147483637 -95 -98 0
2147483637 -95 -99 0
2147483637 -95 -100 0
2147483637 -95 -92 0
2147483637 -96 -97 0
2147483637 -96 -98 0
2147483637 -96 -99 0
2147483637 -96 -100 0
2147483637 -96 -92 0
2147483637 -97 -98 0
2147483637 -97 -99 0
2147483637 -97 -100 0
2147483637 -97 -92 0
2147483637 -98 -99 0
2147483637 -98 -100 0
2147483637 -98 -92 0
2147483637 -99 -100 0
2147483637 -99 -92 0
2147483637 -100 -92 0
2147483637 -71 -73 0
2147483637 -71 -74 0
2147483637 -71 -75 0
2147483637 -71 -76 0
2147483637 -71 -77 0
2147483637 -71 -78 0
2147483637 -71 -79 0
2147483637 -71 -80 0
2147483637 -71 -72 0
2147483637 -73 -74 0
2147483637 -73 -75 0
2147483637 -73 -76 0
2147483637 -73 -77 0
2147483637 -73 -78 0
2147483637 -73 -79 0
2147483637 -73 -80 0
2147483637 -73 -72 0
2147483637 -74 -75 0
2147483637 -74 -76 0
2147483637 -74 -77 0
2147483637 -74 -78 0
2147483637 -74 -79 0
2147483637 -74 -80 0
2147483637 -74 -72 0
2147483637 -75 -76 0
2147483637 -75 -77 0
2147483637 -75 -78 0
2147483637 -75 -79 0
2147483637 -75 -80 0
2147483637 -75 -72 0
2147483637 -76 -77 0
2147483637 -76 -78 0
2147483637 -76 -79 0
2147483637 -76 -80 0
2147483637 -76 -72 0
2147483637 -77 -78 0
2147483637 -77 -79 0
2147483637 -77 -80 0
2147483637 -77 -72 0
2147483637 -78 -79 0
2147483637 -78 -80 0
2147483637 -78 -72 0
2147483637 -79 -80 0
2147483637 -79 -72 0
2147483637 -80 -72 0
56513 1 51 0
56513 3 53 0
56513 4 54 0
56513 5 55 0
56513 6 56 0
56513 7 57 0
56513 8 58 0
56513 9 59 0
56513 10 60 0
56513 2 52 0
56513 -1 -51 0
56513 -3 -53 0
56513 -4 -54 0
56513 -5 -55 0
56513 -6 -56 0
56513 -7 -57 0
56513 -8 -58 0
56513 -9 -59 0
56513 -10 -60 0
56513 -2 -52 0
283 1 31 0
283 3 33 0
283 4 34 0
283 5 35 0
283 6 36 0
283 7 37 0
283 8 38 0
283 9 39 0
283 10 40 0
283 2 32 0
283 -1 -31 0
283 -3 -33 0
283 -4 -34 0
283 -5 -35 0
283 -6 -36 0
283 -7 -37 0
283 -8 -38 0
283 -9 -39 0
283 -10 -40 0
283 -2 -32 0
283 1 21 0
283 3 23 0
283 4 24 0
283 5 25 0
283 6 26 0
283 7 27 0
283 8 28 0
283 9 29 0
283 10 30 0
283 2 22 0
283 -1 -21 0
283 -3 -23 0
283 -4 -24 0
283 -5 -25 0
283 -6 -26 0
283 -7 -27 0
283 -8 -28 0
283 -9 -29 0
283 -10 -30 0
283 -2 -22 0
282564 1 61 0
282564 3 63 0
282564 4 64 0
282564 5 65 0
282564 6 66 0
282564 7 67 0
282564 8 68 0
282564 9 69 0
282564 10 70 0
282564 2 62 0
282564 -1 -61 0
282564 -3 -63 0
282564 -4 -64 0
282564 -5 -65 0
282564 -6 -66 0
282564 -7 -67 0
282564 -8 -68 0
282564 -9 -69 0
282564 -10 -70 0
282564 -2 -62 0
282564 1 41 0
282564 3 43 0
282564 4 44 0
282564 5 45 0
282564 6 46 0
282564 7 47 0
282564 8 48 0
282564 9 49 0
282564 10 50 0
282564 2 42 0
282564 -1 -41 0
282564 -3 -43 0
282564 -4 -44 0
282564 -5 -45 0
282564 -6 -46 0
282564 -7 -47 0
282564 -8 -48 0
282564 -9 -49 0
282564 -10 -50 0
282564 -2 -42 0
282564 1 81 0
282564 3 83 0
282564 4 84 0
282564 5 85 0
282564 6 86 0
282564 7 87 0
282564 8 88 0
282564 9 89 0
282564 10 90 0
282564 2 82 0
282564 -1 -81 0
282564 -3 -83 0
282564 -4 -84 0
282564 -5 -85 0
282564 -6 -86 0
282564 -7 -87 0
282564 -8 -88 0
282564 -9 -89 0
282564 -10 -90 0
282564 -2 -82 0
282564 1 91 0
282564 3 93 0
282564 4 94 0
282564 5 95 0
282564 6 96 0
282564 7 97 0
282564 8 98 0
282564 9 99 0
282564 10 100 0
282564 2 92 0
282564 -1 -91 0
282564 -3 -93 0
282564 -4 -94 0
282564 -5 -95 0
282564 -6 -96 0
282564 -7 -97 0
282564 -8 -98 0
282564 -9 -99 0
282564 -10 -100 0
282564 -2 -92 0
282564 1 71 0
282564 3 73 0
282564 4 74 0
282564 5 75 0
282564 6 76 0
282564 7 77 0
282564 8 78 0
282564 9 79 0
282564 10 80 0
282564 2 72 0
282564 -1 -71 0
282564 -3 -73 0
282564 -4 -74 0
282564 -5 -75 0
282564 -6 -76 0
282564 -7 -77 0
282564 -8 -78 0
282564 -9 -79 0
282564 -10 -80 0
282564 -2 -72 0
282564 1 51 0
282564 3 53 0
282564 4 54 0
282564 5 55 0
282564 6 56 0
282564 7 57 0
282564 8 58 0
282564 9 59 0
282564 10 60 0
282564 2 52 0
282564 -1 -51 0
282564 -3 -53 0
282564 -4 -54 0
282564 -5 -55 0
282564 -6 -56 0
282564 -7 -57 0
282564 -8 -58 0
282564 -9 -59 0
282564 -10 -60 0
282564 -2 -52 0
282564 1 11 0
282564 3 13 0
282564 4 14 0
282564 5 15 0
282564 6 16 0
282564 7 17 0
282564 8 18 0
282564 9 19 0
282564 10 20 0
282564 2 12 0
282564 -1 -11 0
282564 -3 -13 0
282564 -4 -14 0
282564 -5 -15 0
282564 -6 -16 0
282564 -7 -17 0
282564 -8 -18 0
282564 -9 -19 0
282564 -10 -20 0
282564 -2 -12 0
282564 1 41 0
282564 3 43 0
282564 4 44 0
282564 5 45 0
282564 6 46 0
282564 7 47 0
282564 8 48 0
282564 9 49 0
282564 10 50 0
282564 2 42 0
282564 -1 -41 0
282564 -3 -43 0
282564 -4 -44 0
282564 -5 -45 0
282564 -6 -46 0
282564 -7 -47 0
282564 -8 -48 0
282564 -9 -49 0
282564 -10 -50 0
282564 -2 -42 0
2826 51 31 0
2826 53 33 0
2826 54 34 0
2826 55 35 0
2826 56 36 0
2826 57 37 0
2826 58 38 0
2826 59 39 0
2826 60 40 0
2826 52 32 0
2826 -51 -31 0
2826 -53 -33 0
2826 -54 -34 0
2826 -55 -35 0
2826 -56 -36 0
2826 -57 -37 0
2826 -58 -38 0
2826 -59 -39 0
2826 -60 -40 0
2826 -52 -32 0
2826 51 21 0
2826 53 23 0
2826 54 24 0
2826 55 25 0
2826 56 26 0
2826 57 27 0
2826 58 28 0
2826 59 29 0
2826 60 30 0
2826 52 22 0
2826 -51 -21 0
2826 -53 -23 0
2826 -54 -24 0
2826 -55 -25 0
2826 -56 -26 0
2826 -57 -27 0
2826 -58 -28 0
2826 -59 -29 0
2826 -60 -30 0
2826 -52 -22 0
141282 51 11 0
141282 53 13 0
141282 54 14 0
141282 55 15 0
141282 56 16 0
141282 57 17 0
141282 58 18 0
141282 59 19 0
141282 60 20 0
141282 52 12 0
141282 -51 -11 0
141282 -53 -13 0
141282 -54 -14 0
141282 -55 -15 0
141282 -56 -16 0
141282 -57 -17 0
141282 -58 -18 0
141282 -59 -19 0
141282 -60 -20 0
141282 -52 -12 0
141282 51 1 0
141282 53 3 0
141282 54 4 0
141282 55 5 0
141282 56 6 0
141282 57 7 0
141282 58 8 0
141282 59 9 0
141282 60 10 0
141282 52 2 0
141282 -51 -1 0
141282 -53 -3 0
141282 -54 -4 0
141282 -55 -5 0
141282 -56 -6 0
141282 -57 -7 0
141282 -58 -8 0
141282 -59 -9 0
141282 -60 -10 0
141282 -52 -2 0
2825636 51 41 0
2825636 53 43 0
2825636 54 44 0
2825636 55 45 0
2825636 56 46 0
2825636 57 47 0
2825636 58 48 0
2825636 59 49 0
2825636 60 50 0
2825636 52 42 0
2825636 -51 -41 0
2825636 -53 -43 0
2825636 -54 -44 0
2825636 -55 -45 0
2825636 -56 -46 0
2825636 -57 -47 0
2825636 -58 -48 0
2825636 -59 -49 0
2825636 -60 -50 0
2825636 -52 -42 0
707 31 11 0
707 33 13 0
707 34 14 0
707 35 15 0
707 36 16 0
707 37 17 0
707 38 18 0
707 39 19 0
707 40 20 0
707 32 12 0
707 -31 -11 0
707 -33 -13 0
707 -34 -14 0
707 -35 -15 0
707 -36 -16 0
707 -37 -17 0
707 -38 -18 0
707 -39 -19 0
707 -40 -20 0
707 -32 -12 0
707 31 1 0
707 33 3 0
707 34 4 0
707 35 5 0
707 36 6 0
707 37 7 0
707 38 8 0
707 39 9 0
707 40 10 0
707 32 2 0
707 -31 -1 0
707 -33 -3 0
707 -34 -4 0
707 -35 -5 0
707 -36 -6 0
707 -37 -7 0
707 -38 -8 0
707 -39 -9 0
707 -40 -10 0
707 -32 -2 0
707 21 11 0
707 23 13 0
707 24 14 0
707 25 15 0
707 26 16 0
707 27 17 0
707 28 18 0
707 29 19 0
707 30 20 0
707 22 12 0
707 -21 -11 0
707 -23 -13 0
707 -24 -14 0
707 -25 -15 0
707 -26 -16 0
707 -27 -17 0
707 -28 -18 0
707 -29 -19 0
707 -30 -20 0
707 -22 -12 0
707 21 1 0
707 23 3 0
707 24 4 0
707 25 5 0
707 26 6 0
707 27 7 0
707 28 8 0
707 29 9 0
707 30 10 0
707 22 2 0
707 -21 -1 0
707 -23 -3 0
707 -24 -4 0
707 -25 -5 0
707 -26 -6 0
707 -27 -7 0
707 -28 -8 0
707 -29 -9 0
707 -30 -10 0
707 -22 -2 0
14129 31 61 0
14129 33 63 0
14129 34 64 0
14129 35 65 0
14129 36 66 0
14129 37 67 0
14129 38 68 0
14129 39 69 0
14129 40 70 0
14129 32 62 0
14129 -31 -61 0
14129 -33 -63 0
14129 -34 -64 0
14129 -35 -65 0
14129 -36 -66 0
14129 -37 -67 0
14129 -38 -68 0
14129 -39 -69 0
14129 -40 -70 0
14129 -32 -62 0
14129 31 41 0
14129 33 43 0
14129 34 44 0
14129 35 45 0
14129 36 46 0
14129 37 47 0
14129 38 48 0
14129 39 49 0
14129 40 50 0
14129 32 42 0
14129 -31 -41 0
14129 -33 -43 0
14129 -34 -44 0
14129 -35 -45 0
14129 -36 -46 0
14129 -37 -47 0
14129 -38 -48 0
14129 -39 -49 0
14129 -40 -50 0
14129 -32 -42 0
14129 31 81 0
14129 33 83 0
14129 34 84 0
14129 35 85 0
14129 36 86 0
14129 37 87 0
14129 38 88 0
14129 39 89 0
14129 40 90 0
14129 32 82 0
14129 -31 -81 0
14129 -33 -83 0
14129 -34 -84 0
14129 -35 -85 0
14129 -36 -86 0
14129 -37 -87 0
14129 -38 -88 0
14129 -39 -89 0
14129 -40 -90 0
14129 -32 -82 0
14129 31 91 0
14129 33 93 0
14129 34 94 0
14129 35 95 0
14129 36 96 0
14129 37 97 0
14129 38 98 0
14129 39 99 0
14129 40 100 0
14129 32 92 0
14129 -31 -91 0
14129 -33 -93 0
14129 -34 -94 0
14129 -35 -95 0
14129 -36 -96 0
14129 -37 -97 0
14129 -38 -98 0
14129 -39 -99 0
14129 -40 -100 0
14129 -32 -92 0
14129 31 71 0
14129 33 73 0
14129 34 74 0
14129 35 75 0
14129 36 76 0
14129 37 77 0
14129 38 78 0
14129 39 79 0
14129 40 80 0
14129 32 72 0
14129 -31 -71 0
14129 -33 -73 0
14129 -34 -74 0
14129 -35 -75 0
14129 -36 -76 0
14129 -37 -77 0
14129 -38 -78 0
14129 -39 -79 0
14129 -40 -80 0
14129 -32 -72 0
14129 31 51 0
14129 33 53 0
14129 34 54 0
14129 35 55 0
14129 36 56 0
14129 37 57 0
14129 38 58 0
14129 39 59 0
14129 40 60 0
14129 32 52 0
14129 -31 -51 0
14129 -33 -53 0
14129 -34 -54 0
14129 -35 -55 0
14129 -36 -56 0
14129 -37 -57 0
14129 -38 -58 0
14129 -39 -59 0
14129 -40 -60 0
14129 -32 -52 0
14129 31 11 0
14129 33 13 0
14129 34 14 0
14129 35 15 0
14129 36 16 0
14129 37 17 0
14129 38 18 0
14129 39 19 0
14129 40 20 0
14129 32 12 0
14129 -31 -11 0
14129 -33 -13 0
14129 -34 -14 0
14129 -35 -15 0
14129 -36 -16 0
14129 -37 -17 0
14129 -38 -18 0
14129 -39 -19 0
14129 -40 -20 0
14129 -32 -12 0
14129 21 61 0
14129 23 63 0
14129 24 64 0
14129 25 65 0
14129 26 66 0
14129 27 67 0
14129 28 68 0
14129 29 69 0
14129 30 70 0
14129 22 62 0
14129 -21 -61 0
14129 -23 -63 0
14129 -24 -64 0
14129 -25 -65 0
14129 -26 -66 0
14129 -27 -67 0
14129 -28 -68 0
14129 -29 -69 0
14129 -30 -70 0
14129 -22 -62 0
14129 21 41 0
14129 23 43 0
14129 24 44 0
14129 25 45 0
14129 26 46 0
14129 27 47 0
14129 28 48 0
14129 29 49 0
14129 30 50 0
14129 22 42 0
14129 -21 -41 0
14129 -23 -43 0
14129 -24 -44 0
14129 -25 -45 0
14129 -26 -46 0
14129 -27 -47 0
14129 -28 -48 0
14129 -29 -49 0
14129 -30 -50 0
14129 -22 -42 0
14129 21 81 0
14129 23 83 0
14129 24 84 0
14129 25 85 0
14129 26 86 0
14129 27 87 0
14129 28 88 0
14129 29 89 0
14129 30 90 0
14129 22 82 0
14129 -21 -81 0
14129 -23 -83 0
14129 -24 -84 0
14129 -25 -85 0
14129 -26 -86 0
14129 -27 -87 0
14129 -28 -88 0
14129 -29 -89 0
14129 -30 -90 0
14129 -22 -82 0
14129 21 91 0
14129 23 93 0
14129 24 94 0
14129 25 95 0
14129 26 96 0
14129 27 97 0
14129 28 98 0
14129 29 99 0
14129 30 100 0
14129 22 92 0
14129 -21 -91 0
14129 -23 -93 0
14129 -24 -94 0
14129 -25 -95 0
14129 -26 -96 0
14129 -27 -97 0
14129 -28 -98 0
14129 -29 -99 0
14129 -30 -100 0
14129 -22 -92 0
14129 21 71 0
14129 23 73 0
14129 24 74 0
14129 25 75 0
14129 26 76 0
14129 27 77 0
14129 28 78 0
14129 29 79 0
14129 30 80 0
14129 22 72 0
14129 -21 -71 0
14129 -23 -73 0
14129 -24 -74 0
14129 -25 -75 0
14129 -26 -76 0
14129 -27 -77 0
14129 -28 -78 0
14129 -29 -79 0
14129 -30 -80 0
14129 -22 -72 0
14129 21 51 0
14129 23 53 0
14129 24 54 0
14129 25 55 0
14129 26 56 0
14129 27 57 0
14129 28 58 0
14129 29 59 0
14129 30 60 0
14129 22 52 0
14129 -21 -51 0
14129 -23 -53 0
14129 -24 -54 0
14129 -25 -55 0
14129 -26 -56 0
14129 -27 -57 0
14129 -28 -58 0
14129 -29 -59 0
14129 -30 -60 0
14129 -22 -52 0
14129 21 11 0
14129 23 13 0
14129 24 14 0
14129 25 15 0
14129 26 16 0
14129 27 17 0
14129 28 18 0
14129 29 19 0
14129 30 20 0
14129 22 12 0
14129 -21 -11 0
14129 -23 -13 0
14129 -24 -14 0
14129 -25 -15 0
14129 -26 -16 0
14129 -27 -17 0
14129 -28 -18 0
14129 -29 -19 0
14129 -30 -20 0
14129 -22 -12 0
14129 31 41 0
14129 33 43 0
14129 34 44 0
14129 35 45 0
14129 36 46 0
14129 37 47 0
14129 38 48 0
14129 39 49 0
14129 40 50 0
14129 32 42 0
14129 -31 -41 0
14129 -33 -43 0
14129 -34 -44 0
14129 -35 -45 0
14129 -36 -46 0
14129 -37 -47 0
14129 -38 -48 0
14129 -39 -49 0
14129 -40 -50 0
14129 -32 -42 0
14129 21 41 0
14129 23 43 0
14129 24 44 0
14129 25 45 0
14129 26 46 0
14129 27 47 0
14129 28 48 0
14129 29 49 0
14129 30 50 0
14129 22 42 0
14129 -21 -41 0
14129 -23 -43 0
14129 -24 -44 0
14129 -25 -45 0
14129 -26 -46 0
14129 -27 -47 0
14129 -28 -48 0
14129 -29 -49 0
14129 -30 -50 0
14129 -22 -42 0
706409 11 41 0
706409 13 43 0
706409 14 44 0
706409 15 45 0
706409 16 46 0
706409 17 47 0
706409 18 48 0
706409 19 49 0
706409 20 50 0
706409 12 42 0
706409 -11 -41 0
706409 -13 -43 0
706409 -14 -44 0
706409 -15 -45 0
706409 -16 -46 0
706409 -17 -47 0
706409 -18 -48 0
706409 -19 -49 0
706409 -20 -50 0
706409 -12 -42 0
706409 1 41 0
706409 3 43 0
706409 4 44 0
706409 5 45 0
706409 6 46 0
706409 7 47 0
706409 8 48 0
706409 9 49 0
706409 10 50 0
706409 2 42 0
706409 -1 -41 0
706409 -3 -43 0
706409 -4 -44 0
706409 -5 -45 0
706409 -6 -46 0
706409 -7 -47 0
706409 -8 -48 0
706409 -9 -49 0
706409 -10 -50 0
706409 -2 -42 0