c comments Partial Max-SAT
c calcGyroBias
c [(["gbe_gx_avg_store","gbe_gx_avg_offs","gbe_gx_avg_sum","gbe_gy_avg_store","gbe_gy_avg_offs","gbe_gy_avg_sum","gbe_gz_avg_store","gbe_gz_avg_offs","gbe_gz_avg_sum"],0),(["gbe_gx_avg_offs","gbe_gx_avg_store","gbe_gx_avg_sum","gbe_gy_avg_offs","gbe_gy_avg_store","gbe_gy_avg_sum","gbe_gz_avg_offs","gbe_gz_avg_store","gbe_gz_avg_sum"],11111111),(["in_motion"],11111111),(["gbe_gx_avg_sum","gbe_gy_avg_sum","gbe_gz_avg_sum","in_motion"],100)]
p wcnf 100 640 2147483637
2147483637 11 13 14 15 16 17 18 19 20 12 0
2147483637 1 3 4 5 6 7 8 9 10 2 0
2147483637 21 23 24 25 26 27 28 29 30 22 0
2147483637 41 43 44 45 46 47 48 49 50 42 0
2147483637 31 33 34 35 36 37 38 39 40 32 0
2147483637 51 53 54 55 56 57 58 59 60 52 0
2147483637 71 73 74 75 76 77 78 79 80 72 0
2147483637 61 63 64 65 66 67 68 69 70 62 0
2147483637 81 83 84 85 86 87 88 89 90 82 0
2147483637 91 93 94 95 96 97 98 99 100 92 0
2147483637 -11 -13 0
2147483637 -11 -14 0
2147483637 -11 -15 0
2147483637 -11 -16 0
2147483637 -11 -17 0
2147483637 -11 -18 0
2147483637 -11 -19 0
2147483637 -11 -20 0
2147483637 -11 -12 0
2147483637 -13 -14 0
2147483637 -13 -15 0
2147483637 -13 -16 0
2147483637 -13 -17 0
2147483637 -13 -18 0
2147483637 -13 -19 0
2147483637 -13 -20 0
2147483637 -13 -12 0
2147483637 -14 -15 0
2147483637 -14 -16 0
2147483637 -14 -17 0
2147483637 -14 -18 0
2147483637 -14 -19 0
2147483637 -14 -20 0
2147483637 -14 -12 0
2147483637 -15 -16 0
2147483637 -15 -17 0
2147483637 -15 -18 0
2147483637 -15 -19 0
2147483637 -15 -20 0
2147483637 -15 -12 0
2147483637 -16 -17 0
2147483637 -16 -18 0
2147483637 -16 -19 0
2147483637 -16 -20 0
2147483637 -16 -12 0
2147483637 -17 -18 0
2147483637 -17 -19 0
2147483637 -17 -20 0
2147483637 -17 -12 0
2147483637 -18 -19 0
2147483637 -18 -20 0
2147483637 -18 -12 0
2147483637 -19 -20 0
2147483637 -19 -12 0
2147483637 -20 -12 0
2147483637 -1 -3 0
2147483637 -1 -4 0
2147483637 -1 -5 0
2147483637 -1 -6 0
2147483637 -1 -7 0
2147483637 -1 -8 0
2147483637 -1 -9 0
2147483637 -1 -10 0
2147483637 -1 -2 0
2147483637 -3 -4 0
2147483637 -3 -5 0
2147483637 -3 -6 0
2147483637 -3 -7 0
2147483637 -3 -8 0
2147483637 -3 -9 0
2147483637 -3 -10 0
2147483637 -3 -2 0
2147483637 -4 -5 0
2147483637 -4 -6 0
2147483637 -4 -7 0
2147483637 -4 -8 0
2147483637 -4 -9 0
2147483637 -4 -10 0
2147483637 -4 -2 0
2147483637 -5 -6 0
2147483637 -5 -7 0
2147483637 -5 -8 0
2147483637 -5 -9 0
2147483637 -5 -10 0
2147483637 -5 -2 0
2147483637 -6 -7 0
2147483637 -6 -8 0
2147483637 -6 -9 0
2147483637 -6 -10 0
2147483637 -6 -2 0
2147483637 -7 -8 0
2147483637 -7 -9 0
2147483637 -7 -10 0
2147483637 -7 -2 0
2147483637 -8 -9 0
2147483637 -8 -10 0
2147483637 -8 -2 0
2147483637 -9 -10 0
2147483637 -9 -2 0
2147483637 -10 -2 0
2147483637 -21 -23 0
2147483637 -21 -24 0
2147483637 -21 -25 0
2147483637 -21 -26 0
2147483637 -21 -27 0
2147483637 -21 -28 0
2147483637 -21 -29 0
2147483637 -21 -30 0
2147483637 -21 -22 0
2147483637 -23 -24 0
2147483637 -23 -25 0
2147483637 -23 -26 0
2147483637 -23 -27 0
2147483637 -23 -28 0
2147483637 -23 -29 0
2147483637 -23 -30 0
2147483637 -23 -22 0
2147483637 -24 -25 0
2147483637 -24 -26 0
2147483637 -24 -27 0
2147483637 -24 -28 0
2147483637 -24 -29 0
2147483637 -24 -30 0
2147483637 -24 -22 0
2147483637 -25 -26 0
2147483637 -25 -27 0
2147483637 -25 -28 0
2147483637 -25 -29 0
2147483637 -25 -30 0
2147483637 -25 -22 0
2147483637 -26 -27 0
2147483637 -26 -28 0
2147483637 -26 -29 0
2147483637 -26 -30 0
2147483637 -26 -22 0
2147483637 -27 -28 0
2147483637 -27 -29 0
2147483637 -27 -30 0
2147483637 -27 -22 0
2147483637 -28 -29 0
2147483637 -28 -30 0
2147483637 -28 -22 0
2147483637 -29 -30 0
2147483637 -29 -22 0
2147483637 -30 -22 0
2147483637 -41 -43 0
2147483637 -41 -44 0
2147483637 -41 -45 0
2147483637 -41 -46 0
2147483637 -41 -47 0
2147483637 -41 -48 0
2147483637 -41 -49 0
2147483637 -41 -50 0
2147483637 -41 -42 0
2147483637 -43 -44 0
2147483637 -43 -45 0
2147483637 -43 -46 0
2147483637 -43 -47 0
2147483637 -43 -48 0
2147483637 -43 -49 0
2147483637 -43 -50 0
2147483637 -43 -42 0
2147483637 -44 -45 0
2147483637 -44 -46 0
2147483637 -44 -47 0
2147483637 -44 -48 0
2147483637 -44 -49 0
2147483637 -44 -50 0
2147483637 -44 -42 0
2147483637 -45 -46 0
2147483637 -45 -47 0
2147483637 -45 -48 0
2147483637 -45 -49 0
2147483637 -45 -50 0
2147483637 -45 -42 0
2147483637 -46 -47 0
2147483637 -46 -48 0
2147483637 -46 -49 0
2147483637 -46 -50 0
2147483637 -46 -42 0
2147483637 -47 -48 0
2147483637 -47 -49 0
2147483637 -47 -50 0
2147483637 -47 -42 0
2147483637 -48 -49 0
2147483637 -48 -50 0
2147483637 -48 -42 0
2147483637 -49 -50 0
2147483637 -49 -42 0
2147483637 -50 -42 0
2147483637 -31 -33 0
2147483637 -31 -34 0
2147483637 -31 -35 0
2147483637 -31 -36 0
2147483637 -31 -37 0
2147483637 -31 -38 0
2147483637 -31 -39 0
2147483637 -31 -40 0
2147483637 -31 -32 0
2147483637 -33 -34 0
2147483637 -33 -35 0
2147483637 -33 -36 0
2147483637 -33 -37 0
2147483637 -33 -38 0
2147483637 -33 -39 0
2147483637 -33 -40 0
2147483637 -33 -32 0
2147483637 -34 -35 0
2147483637 -34 -36 0
2147483637 -34 -37 0
2147483637 -34 -38 0
2147483637 -34 -39 0
2147483637 -34 -40 0
2147483637 -34 -32 0
2147483637 -35 -36 0
2147483637 -35 -37 0
2147483637 -35 -38 0
2147483637 -35 -39 0
2147483637 -35 -40 0
2147483637 -35 -32 0
2147483637 -36 -37 0
2147483637 -36 -38 0
2147483637 -36 -39 0
2147483637 -36 -40 0
2147483637 -36 -32 0
2147483637 -37 -38 0
2147483637 -37 -39 0
2147483637 -37 -40 0
2147483637 -37 -32 0
2147483637 -38 -39 0
2147483637 -38 -40 0
2147483637 -38 -32 0
2147483637 -39 -40 0
2147483637 -39 -32 0
2147483637 -40 -32 0
2147483637 -51 -53 0
2147483637 -51 -54 0
2147483637 -51 -55 0
2147483637 -51 -56 0
2147483637 -51 -57 0
2147483637 -51 -58 0
2147483637 -51 -59 0
2147483637 -51 -60 0
2147483637 -51 -52 0
2147483637 -53 -54 0
2147483637 -53 -55 0
2147483637 -53 -56 0
2147483637 -53 -57 0
2147483637 -53 -58 0
2147483637 -53 -59 0
2147483637 -53 -60 0
2147483637 -53 -52 0
2147483637 -54 -55 0
2147483637 -54 -56 0
2147483637 -54 -57 0
2147483637 -54 -58 0
2147483637 -54 -59 0
2147483637 -54 -60 0
2147483637 -54 -52 0
2147483637 -55 -56 0
2147483637 -55 -57 0
2147483637 -55 -58 0
2147483637 -55 -59 0
2147483637 -55 -60 0
2147483637 -55 -52 0
2147483637 -56 -57 0
2147483637 -56 -58 0
2147483637 -56 -59 0
2147483637 -56 -60 0
2147483637 -56 -52 0
2147483637 -57 -58 0
2147483637 -57 -59 0
2147483637 -57 -60 0
2147483637 -57 -52 0
2147483637 -58 -59 0
2147483637 -58 -60 0
2147483637 -58 -52 0
2147483637 -59 -60 0
2147483637 -59 -52 0
2147483637 -60 -52 0
2147483637 -71 -73 0
2147483637 -71 -74 0
2147483637 -71 -75 0
2147483637 -71 -76 0
2147483637 -71 -77 0
2147483637 -71 -78 0
2147483637 -71 -79 0
2147483637 -71 -80 0
2147483637 -71 -72 0
2147483637 -73 -74 0
2147483637 -73 -75 0
2147483637 -73 -76 0
2147483637 -73 -77 0
2147483637 -73 -78 0
2147483637 -73 -79 0
2147483637 -73 -80 0
2147483637 -73 -72 0
2147483637 -74 -75 0
2147483637 -74 -76 0
2147483637 -74 -77 0
2147483637 -74 -78 0
2147483637 -74 -79 0
2147483637 -74 -80 0
2147483637 -74 -72 0
2147483637 -75 -76 0
2147483637 -75 -77 0
2147483637 -75 -78 0
2147483637 -75 -79 0
2147483637 -75 -80 0
2147483637 -75 -72 0
2147483637 -76 -77 0
2147483637 -76 -78 0
2147483637 -76 -79 0
2147483637 -76 -80 0
2147483637 -76 -72 0
2147483637 -77 -78 0
2147483637 -77 -79 0
2147483637 -77 -80 0
2147483637 -77 -72 0
2147483637 -78 -79 0
2147483637 -78 -80 0
2147483637 -78 -72 0
2147483637 -79 -80 0
2147483637 -79 -72 0
2147483637 -80 -72 0
2147483637 -61 -63 0
2147483637 -61 -64 0
2147483637 -61 -65 0
2147483637 -61 -66 0
2147483637 -61 -67 0
2147483637 -61 -68 0
2147483637 -61 -69 0
2147483637 -61 -70 0
2147483637 -61 -62 0
2147483637 -63 -64 0
2147483637 -63 -65 0
2147483637 -63 -66 0
2147483637 -63 -67 0
2147483637 -63 -68 0
2147483637 -63 -69 0
2147483637 -63 -70 0
2147483637 -63 -62 0
2147483637 -64 -65 0
2147483637 -64 -66 0
2147483637 -64 -67 0
2147483637 -64 -68 0
2147483637 -64 -69 0
2147483637 -64 -70 0
2147483637 -64 -62 0
2147483637 -65 -66 0
2147483637 -65 -67 0
2147483637 -65 -68 0
2147483637 -65 -69 0
2147483637 -65 -70 0
2147483637 -65 -62 0
2147483637 -66 -67 0
2147483637 -66 -68 0
2147483637 -66 -69 0
2147483637 -66 -70 0
2147483637 -66 -62 0
2147483637 -67 -68 0
2147483637 -67 -69 0
2147483637 -67 -70 0
2147483637 -67 -62 0
2147483637 -68 -69 0
2147483637 -68 -70 0
2147483637 -68 -62 0
2147483637 -69 -70 0
2147483637 -69 -62 0
2147483637 -70 -62 0
2147483637 -81 -83 0
2147483637 -81 -84 0
2147483637 -81 -85 0
2147483637 -81 -86 0
2147483637 -81 -87 0
2147483637 -81 -88 0
2147483637 -81 -89 0
2147483637 -81 -90 0
2147483637 -81 -82 0
2147483637 -83 -84 0
2147483637 -83 -85 0
2147483637 -83 -86 0
2147483637 -83 -87 0
2147483637 -83 -88 0
2147483637 -83 -89 0
2147483637 -83 -90 0
2147483637 -83 -82 0
2147483637 -84 -85 0
2147483637 -84 -86 0
2147483637 -84 -87 0
2147483637 -84 -88 0
2147483637 -84 -89 0
2147483637 -84 -90 0
2147483637 -84 -82 0
2147483637 -85 -86 0
2147483637 -85 -87 0
2147483637 -85 -88 0
2147483637 -85 -89 0
2147483637 -85 -90 0
2147483637 -85 -82 0
2147483637 -86 -87 0
2147483637 -86 -88 0
2147483637 -86 -89 0
2147483637 -86 -90 0
2147483637 -86 -82 0
2147483637 -87 -88 0
2147483637 -87 -89 0
2147483637 -87 -90 0
2147483637 -87 -82 0
2147483637 -88 -89 0
2147483637 -88 -90 0
2147483637 -88 -82 0
2147483637 -89 -90 0
2147483637 -89 -82 0
2147483637 -90 -82 0
2147483637 -91 -93 0
2147483637 -91 -94 0
2147483637 -91 -95 0
2147483637 -91 -96 0
2147483637 -91 -97 0
2147483637 -91 -98 0
2147483637 -91 -99 0
2147483637 -91 -100 0
2147483637 -91 -92 0
2147483637 -93 -94 0
2147483637 -93 -95 0
2147483637 -93 -96 0
2147483637 -93 -97 0
2147483637 -93 -98 0
2147483637 -93 -99 0
2147483637 -93 -100 0
2147483637 -93 -92 0
2147483637 -94 -95 0
2147483637 -94 -96 0
2147483637 -94 -97 0
2147483637 -94 -98 0
2147483637 -94 -99 0
2147483637 -94 -100 0
2147483637 -94 -92 0
2147483637 -95 -96 0
2147483637 -95 -97 0
2147483637 -95 -98 0
2147483637 -95 -99 0
2147483637 -95 -100 0
2147483637 -95 -92 0
2147483637 -96 -97 0
2147483637 -96 -98 0
2147483637 -96 -99 0
2147483637 -96 -100 0
2147483637 -96 -92 0
2147483637 -97 -98 0
2147483637 -97 -99 0
2147483637 -97 -100 0
2147483637 -97 -92 0
2147483637 -98 -99 0
2147483637 -98 -100 0
2147483637 -98 -92 0
2147483637 -99 -100 0
2147483637 -99 -92 0
2147483637 -100 -92 0
11930464 1 91 0
11930464 3 93 0
11930464 4 94 0
11930464 5 95 0
11930464 6 96 0
11930464 7 97 0
11930464 8 98 0
11930464 9 99 0
11930464 10 100 0
11930464 2 92 0
11930464 -1 -91 0
11930464 -3 -93 0
11930464 -4 -94 0
11930464 -5 -95 0
11930464 -6 -96 0
11930464 -7 -97 0
11930464 -8 -98 0
11930464 -9 -99 0
11930464 -10 -100 0
11930464 -2 -92 0
11930464 11 91 0
11930464 13 93 0
11930464 14 94 0
11930464 15 95 0
11930464 16 96 0
11930464 17 97 0
11930464 18 98 0
11930464 19 99 0
11930464 20 100 0
11930464 12 92 0
11930464 -11 -91 0
11930464 -13 -93 0
11930464 -14 -94 0
11930464 -15 -95 0
11930464 -16 -96 0
11930464 -17 -97 0
11930464 -18 -98 0
11930464 -19 -99 0
11930464 -20 -100 0
11930464 -12 -92 0
11930464 21 91 0
11930464 23 93 0
11930464 24 94 0
11930464 25 95 0
11930464 26 96 0
11930464 27 97 0
11930464 28 98 0
11930464 29 99 0
11930464 30 100 0
11930464 22 92 0
11930464 -21 -91 0
11930464 -23 -93 0
11930464 -24 -94 0
11930464 -25 -95 0
11930464 -26 -96 0
11930464 -27 -97 0
11930464 -28 -98 0
11930464 -29 -99 0
11930464 -30 -100 0
11930464 -22 -92 0
11930464 31 91 0
11930464 33 93 0
11930464 34 94 0
11930464 35 95 0
11930464 36 96 0
11930464 37 97 0
11930464 38 98 0
11930464 39 99 0
11930464 40 100 0
11930464 32 92 0
11930464 -31 -91 0
11930464 -33 -93 0
11930464 -34 -94 0
11930464 -35 -95 0
11930464 -36 -96 0
11930464 -37 -97 0
11930464 -38 -98 0
11930464 -39 -99 0
11930464 -40 -100 0
11930464 -32 -92 0
11930464 41 91 0
11930464 43 93 0
11930464 44 94 0
11930464 45 95 0
11930464 46 96 0
11930464 47 97 0
11930464 48 98 0
11930464 49 99 0
11930464 50 100 0
11930464 42 92 0
11930464 -41 -91 0
11930464 -43 -93 0
11930464 -44 -94 0
11930464 -45 -95 0
11930464 -46 -96 0
11930464 -47 -97 0
11930464 -48 -98 0
11930464 -49 -99 0
11930464 -50 -100 0
11930464 -42 -92 0
11930464 51 91 0
11930464 53 93 0
11930464 54 94 0
11930464 55 95 0
11930464 56 96 0
11930464 57 97 0
11930464 58 98 0
11930464 59 99 0
11930464 60 100 0
11930464 52 92 0
11930464 -51 -91 0
11930464 -53 -93 0
11930464 -54 -94 0
11930464 -55 -95 0
11930464 -56 -96 0
11930464 -57 -97 0
11930464 -58 -98 0
11930464 -59 -99 0
11930464 -60 -100 0
11930464 -52 -92 0
11930464 61 91 0
11930464 63 93 0
11930464 64 94 0
11930464 65 95 0
11930464 66 96 0
11930464 67 97 0
11930464 68 98 0
11930464 69 99 0
11930464 70 100 0
11930464 62 92 0
11930464 -61 -91 0
11930464 -63 -93 0
11930464 -64 -94 0
11930464 -65 -95 0
11930464 -66 -96 0
11930464 -67 -97 0
11930464 -68 -98 0
11930464 -69 -99 0
11930464 -70 -100 0
11930464 -62 -92 0
11930464 71 91 0
11930464 73 93 0
11930464 74 94 0
11930464 75 95 0
11930464 76 96 0
11930464 77 97 0
11930464 78 98 0
11930464 79 99 0
11930464 80 100 0
11930464 72 92 0
11930464 -71 -91 0
11930464 -73 -93 0
11930464 -74 -94 0
11930464 -75 -95 0
11930464 -76 -96 0
11930464 -77 -97 0
11930464 -78 -98 0
11930464 -79 -99 0
11930464 -80 -100 0
11930464 -72 -92 0
11930464 81 91 0
11930464 83 93 0
11930464 84 94 0
11930464 85 95 0
11930464 86 96 0
11930464 87 97 0
11930464 88 98 0
11930464 89 99 0
11930464 90 100 0
11930464 82 92 0
11930464 -81 -91 0
11930464 -83 -93 0
11930464 -84 -94 0
11930464 -85 -95 0
11930464 -86 -96 0
11930464 -87 -97 0
11930464 -88 -98 0
11930464 -89 -99 0
11930464 -90 -100 0
11930464 -82 -92 0