c comments Partial Max-SAT
c sensor_fusion_proxy
c [(["last_accel"],11111111),(["last_baro"],11111111),(["last_gyro_2"],11111111),(["last_accel","last_baro","last_gyro_2"],11111111)]
p wcnf 9 30 2147483637
2147483637 1 2 3 0
2147483637 4 5 6 0
2147483637 7 8 9 0
2147483637 -1 -2 0
2147483637 -1 -3 0
2147483637 -2 -3 0
2147483637 -4 -5 0
2147483637 -4 -6 0
2147483637 -5 -6 0
2147483637 -7 -8 0
2147483637 -7 -9 0
2147483637 -8 -9 0
119304646 1 4 0
119304646 2 5 0
119304646 3 6 0
119304646 -1 -4 0
119304646 -2 -5 0
119304646 -3 -6 0
119304646 1 7 0
119304646 2 8 0
119304646 3 9 0
119304646 -1 -7 0
119304646 -2 -8 0
119304646 -3 -9 0
119304646 4 7 0
119304646 5 8 0
119304646 6 9 0
119304646 -4 -7 0
119304646 -5 -8 0
119304646 -6 -9 0