c comments Partial Max-SAT
c lsm303dSensorManager
c [(["lsm303d_coroutine_cont","last_value_4","mag_s","accel_s","initialized"],11111111),(["last_value_4"],11111111),(["initialized"],5000)]
p wcnf 25 65 2147483637
2147483637 16 17 18 19 20 0
2147483637 11 12 13 14 15 0
2147483637 21 22 23 24 25 0
2147483637 1 2 3 4 5 0
2147483637 6 7 8 9 10 0
2147483637 -16 -17 0
2147483637 -16 -18 0
2147483637 -16 -19 0
2147483637 -16 -20 0
2147483637 -17 -18 0
2147483637 -17 -19 0
2147483637 -17 -20 0
2147483637 -18 -19 0
2147483637 -18 -20 0
2147483637 -19 -20 0
2147483637 -11 -12 0
2147483637 -11 -13 0
2147483637 -11 -14 0
2147483637 -11 -15 0
2147483637 -12 -13 0
2147483637 -12 -14 0
2147483637 -12 -15 0
2147483637 -13 -14 0
2147483637 -13 -15 0
2147483637 -14 -15 0
2147483637 -21 -22 0
2147483637 -21 -23 0
2147483637 -21 -24 0
2147483637 -21 -25 0
2147483637 -22 -23 0
2147483637 -22 -24 0
2147483637 -22 -25 0
2147483637 -23 -24 0
2147483637 -23 -25 0
2147483637 -24 -25 0
2147483637 -1 -2 0
2147483637 -1 -3 0
2147483637 -1 -4 0
2147483637 -1 -5 0
2147483637 -2 -3 0
2147483637 -2 -4 0
2147483637 -2 -5 0
2147483637 -3 -4 0
2147483637 -3 -5 0
2147483637 -4 -5 0
2147483637 -6 -7 0
2147483637 -6 -8 0
2147483637 -6 -9 0
2147483637 -6 -10 0
2147483637 -7 -8 0
2147483637 -7 -9 0
2147483637 -7 -10 0
2147483637 -8 -9 0
2147483637 -8 -10 0
2147483637 -9 -10 0
214748363 11 6 0
214748363 12 7 0
214748363 13 8 0
214748363 14 9 0
214748363 15 10 0
214748363 -11 -6 0
214748363 -12 -7 0
214748363 -13 -8 0
214748363 -14 -9 0
214748363 -15 -10 0