c comments Partial Max-SAT
c l3gd20Ctl
c [(["l3gd20_cont","last_value_2","l3gd20_retries","l3gd20_panic"],11111111),(["last_value_2"],11111111)]
p wcnf 16 28 2147483637
2147483637 1 2 3 4 0
2147483637 13 14 15 16 0
2147483637 9 10 11 12 0
2147483637 5 6 7 8 0
2147483637 -1 -2 0
2147483637 -1 -3 0
2147483637 -1 -4 0
2147483637 -2 -3 0
2147483637 -2 -4 0
2147483637 -3 -4 0
2147483637 -13 -14 0
2147483637 -13 -15 0
2147483637 -13 -16 0
2147483637 -14 -15 0
2147483637 -14 -16 0
2147483637 -15 -16 0
2147483637 -9 -10 0
2147483637 -9 -11 0
2147483637 -9 -12 0
2147483637 -10 -11 0
2147483637 -10 -12 0
2147483637 -11 -12 0
2147483637 -5 -6 0
2147483637 -5 -7 0
2147483637 -5 -8 0
2147483637 -6 -7 0
2147483637 -6 -8 0
2147483637 -7 -8 0