c comments Partial Max-SAT
c i2c2PeripheralDriver
c [(["__TOWER_reg_usage"],0),(["ready_sent"],100000),(["__TOWER_reg_usage","driverstate","resbuffer"],2000000),(["driverstate","__TOWER_reg_usage","transaction_delayed","reqbuffer","reqbufferpos","resbufferpos","resbuffer"],2000000),(["driverstate","__TOWER_reg_usage","reqbuffer","reqbufferpos","resbufferpos","invalid_request","resbuffer"],11111111)]
p wcnf 81 639 2147483637
2147483637 1 2 3 4 5 6 7 8 9 0
2147483637 28 29 30 31 32 33 34 35 36 0
2147483637 10 11 12 13 14 15 16 17 18 0
2147483637 55 56 57 58 59 60 61 62 63 0
2147483637 73 74 75 76 77 78 79 80 81 0
2147483637 37 38 39 40 41 42 43 44 45 0
2147483637 46 47 48 49 50 51 52 53 54 0
2147483637 64 65 66 67 68 69 70 71 72 0
2147483637 19 20 21 22 23 24 25 26 27 0
2147483637 -1 -2 0
2147483637 -1 -3 0
2147483637 -1 -4 0
2147483637 -1 -5 0
2147483637 -1 -6 0
2147483637 -1 -7 0
2147483637 -1 -8 0
2147483637 -1 -9 0
2147483637 -2 -3 0
2147483637 -2 -4 0
2147483637 -2 -5 0
2147483637 -2 -6 0
2147483637 -2 -7 0
2147483637 -2 -8 0
2147483637 -2 -9 0
2147483637 -3 -4 0
2147483637 -3 -5 0
2147483637 -3 -6 0
2147483637 -3 -7 0
2147483637 -3 -8 0
2147483637 -3 -9 0
2147483637 -4 -5 0
2147483637 -4 -6 0
2147483637 -4 -7 0
2147483637 -4 -8 0
2147483637 -4 -9 0
2147483637 -5 -6 0
2147483637 -5 -7 0
2147483637 -5 -8 0
2147483637 -5 -9 0
2147483637 -6 -7 0
2147483637 -6 -8 0
2147483637 -6 -9 0
2147483637 -7 -8 0
2147483637 -7 -9 0
2147483637 -8 -9 0
2147483637 -28 -29 0
2147483637 -28 -30 0
2147483637 -28 -31 0
2147483637 -28 -32 0
2147483637 -28 -33 0
2147483637 -28 -34 0
2147483637 -28 -35 0
2147483637 -28 -36 0
2147483637 -29 -30 0
2147483637 -29 -31 0
2147483637 -29 -32 0
2147483637 -29 -33 0
2147483637 -29 -34 0
2147483637 -29 -35 0
2147483637 -29 -36 0
2147483637 -30 -31 0
2147483637 -30 -32 0
2147483637 -30 -33 0
2147483637 -30 -34 0
2147483637 -30 -35 0
2147483637 -30 -36 0
2147483637 -31 -32 0
2147483637 -31 -33 0
2147483637 -31 -34 0
2147483637 -31 -35 0
2147483637 -31 -36 0
2147483637 -32 -33 0
2147483637 -32 -34 0
2147483637 -32 -35 0
2147483637 -32 -36 0
2147483637 -33 -34 0
2147483637 -33 -35 0
2147483637 -33 -36 0
2147483637 -34 -35 0
2147483637 -34 -36 0
2147483637 -35 -36 0
2147483637 -10 -11 0
2147483637 -10 -12 0
2147483637 -10 -13 0
2147483637 -10 -14 0
2147483637 -10 -15 0
2147483637 -10 -16 0
2147483637 -10 -17 0
2147483637 -10 -18 0
2147483637 -11 -12 0
2147483637 -11 -13 0
2147483637 -11 -14 0
2147483637 -11 -15 0
2147483637 -11 -16 0
2147483637 -11 -17 0
2147483637 -11 -18 0
2147483637 -12 -13 0
2147483637 -12 -14 0
2147483637 -12 -15 0
2147483637 -12 -16 0
2147483637 -12 -17 0
2147483637 -12 -18 0
2147483637 -13 -14 0
2147483637 -13 -15 0
2147483637 -13 -16 0
2147483637 -13 -17 0
2147483637 -13 -18 0
2147483637 -14 -15 0
2147483637 -14 -16 0
2147483637 -14 -17 0
2147483637 -14 -18 0
2147483637 -15 -16 0
2147483637 -15 -17 0
2147483637 -15 -18 0
2147483637 -16 -17 0
2147483637 -16 -18 0
2147483637 -17 -18 0
2147483637 -55 -56 0
2147483637 -55 -57 0
2147483637 -55 -58 0
2147483637 -55 -59 0
2147483637 -55 -60 0
2147483637 -55 -61 0
2147483637 -55 -62 0
2147483637 -55 -63 0
2147483637 -56 -57 0
2147483637 -56 -58 0
2147483637 -56 -59 0
2147483637 -56 -60 0
2147483637 -56 -61 0
2147483637 -56 -62 0
2147483637 -56 -63 0
2147483637 -57 -58 0
2147483637 -57 -59 0
2147483637 -57 -60 0
2147483637 -57 -61 0
2147483637 -57 -62 0
2147483637 -57 -63 0
2147483637 -58 -59 0
2147483637 -58 -60 0
2147483637 -58 -61 0
2147483637 -58 -62 0
2147483637 -58 -63 0
2147483637 -59 -60 0
2147483637 -59 -61 0
2147483637 -59 -62 0
2147483637 -59 -63 0
2147483637 -60 -61 0
2147483637 -60 -62 0
2147483637 -60 -63 0
2147483637 -61 -62 0
2147483637 -61 -63 0
2147483637 -62 -63 0
2147483637 -73 -74 0
2147483637 -73 -75 0
2147483637 -73 -76 0
2147483637 -73 -77 0
2147483637 -73 -78 0
2147483637 -73 -79 0
2147483637 -73 -80 0
2147483637 -73 -81 0
2147483637 -74 -75 0
2147483637 -74 -76 0
2147483637 -74 -77 0
2147483637 -74 -78 0
2147483637 -74 -79 0
2147483637 -74 -80 0
2147483637 -74 -81 0
2147483637 -75 -76 0
2147483637 -75 -77 0
2147483637 -75 -78 0
2147483637 -75 -79 0
2147483637 -75 -80 0
2147483637 -75 -81 0
2147483637 -76 -77 0
2147483637 -76 -78 0
2147483637 -76 -79 0
2147483637 -76 -80 0
2147483637 -76 -81 0
2147483637 -77 -78 0
2147483637 -77 -79 0
2147483637 -77 -80 0
2147483637 -77 -81 0
2147483637 -78 -79 0
2147483637 -78 -80 0
2147483637 -78 -81 0
2147483637 -79 -80 0
2147483637 -79 -81 0
2147483637 -80 -81 0
2147483637 -37 -38 0
2147483637 -37 -39 0
2147483637 -37 -40 0
2147483637 -37 -41 0
2147483637 -37 -42 0
2147483637 -37 -43 0
2147483637 -37 -44 0
2147483637 -37 -45 0
2147483637 -38 -39 0
2147483637 -38 -40 0
2147483637 -38 -41 0
2147483637 -38 -42 0
2147483637 -38 -43 0
2147483637 -38 -44 0
2147483637 -38 -45 0
2147483637 -39 -40 0
2147483637 -39 -41 0
2147483637 -39 -42 0
2147483637 -39 -43 0
2147483637 -39 -44 0
2147483637 -39 -45 0
2147483637 -40 -41 0
2147483637 -40 -42 0
2147483637 -40 -43 0
2147483637 -40 -44 0
2147483637 -40 -45 0
2147483637 -41 -42 0
2147483637 -41 -43 0
2147483637 -41 -44 0
2147483637 -41 -45 0
2147483637 -42 -43 0
2147483637 -42 -44 0
2147483637 -42 -45 0
2147483637 -43 -44 0
2147483637 -43 -45 0
2147483637 -44 -45 0
2147483637 -46 -47 0
2147483637 -46 -48 0
2147483637 -46 -49 0
2147483637 -46 -50 0
2147483637 -46 -51 0
2147483637 -46 -52 0
2147483637 -46 -53 0
2147483637 -46 -54 0
2147483637 -47 -48 0
2147483637 -47 -49 0
2147483637 -47 -50 0
2147483637 -47 -51 0
2147483637 -47 -52 0
2147483637 -47 -53 0
2147483637 -47 -54 0
2147483637 -48 -49 0
2147483637 -48 -50 0
2147483637 -48 -51 0
2147483637 -48 -52 0
2147483637 -48 -53 0
2147483637 -48 -54 0
2147483637 -49 -50 0
2147483637 -49 -51 0
2147483637 -49 -52 0
2147483637 -49 -53 0
2147483637 -49 -54 0
2147483637 -50 -51 0
2147483637 -50 -52 0
2147483637 -50 -53 0
2147483637 -50 -54 0
2147483637 -51 -52 0
2147483637 -51 -53 0
2147483637 -51 -54 0
2147483637 -52 -53 0
2147483637 -52 -54 0
2147483637 -53 -54 0
2147483637 -64 -65 0
2147483637 -64 -66 0
2147483637 -64 -67 0
2147483637 -64 -68 0
2147483637 -64 -69 0
2147483637 -64 -70 0
2147483637 -64 -71 0
2147483637 -64 -72 0
2147483637 -65 -66 0
2147483637 -65 -67 0
2147483637 -65 -68 0
2147483637 -65 -69 0
2147483637 -65 -70 0
2147483637 -65 -71 0
2147483637 -65 -72 0
2147483637 -66 -67 0
2147483637 -66 -68 0
2147483637 -66 -69 0
2147483637 -66 -70 0
2147483637 -66 -71 0
2147483637 -66 -72 0
2147483637 -67 -68 0
2147483637 -67 -69 0
2147483637 -67 -70 0
2147483637 -67 -71 0
2147483637 -67 -72 0
2147483637 -68 -69 0
2147483637 -68 -70 0
2147483637 -68 -71 0
2147483637 -68 -72 0
2147483637 -69 -70 0
2147483637 -69 -71 0
2147483637 -69 -72 0
2147483637 -70 -71 0
2147483637 -70 -72 0
2147483637 -71 -72 0
2147483637 -19 -20 0
2147483637 -19 -21 0
2147483637 -19 -22 0
2147483637 -19 -23 0
2147483637 -19 -24 0
2147483637 -19 -25 0
2147483637 -19 -26 0
2147483637 -19 -27 0
2147483637 -20 -21 0
2147483637 -20 -22 0
2147483637 -20 -23 0
2147483637 -20 -24 0
2147483637 -20 -25 0
2147483637 -20 -26 0
2147483637 -20 -27 0
2147483637 -21 -22 0
2147483637 -21 -23 0
2147483637 -21 -24 0
2147483637 -21 -25 0
2147483637 -21 -26 0
2147483637 -21 -27 0
2147483637 -22 -23 0
2147483637 -22 -24 0
2147483637 -22 -25 0
2147483637 -22 -26 0
2147483637 -22 -27 0
2147483637 -23 -24 0
2147483637 -23 -25 0
2147483637 -23 -26 0
2147483637 -23 -27 0
2147483637 -24 -25 0
2147483637 -24 -26 0
2147483637 -24 -27 0
2147483637 -25 -26 0
2147483637 -25 -27 0
2147483637 -26 -27 0
1263226 28 1 0
1263226 29 2 0
1263226 30 3 0
1263226 31 4 0
1263226 32 5 0
1263226 33 6 0
1263226 34 7 0
1263226 35 8 0
1263226 36 9 0
1263226 -28 -1 0
1263226 -29 -2 0
1263226 -30 -3 0
1263226 -31 -4 0
1263226 -32 -5 0
1263226 -33 -6 0
1263226 -34 -7 0
1263226 -35 -8 0
1263226 -36 -9 0
1263226 28 10 0
1263226 29 11 0
1263226 30 12 0
1263226 31 13 0
1263226 32 14 0
1263226 33 15 0
1263226 34 16 0
1263226 35 17 0
1263226 36 18 0
1263226 -28 -10 0
1263226 -29 -11 0
1263226 -30 -12 0
1263226 -31 -13 0
1263226 -32 -14 0
1263226 -33 -15 0
1263226 -34 -16 0
1263226 -35 -17 0
1263226 -36 -18 0
1263226 28 55 0
1263226 29 56 0
1263226 30 57 0
1263226 31 58 0
1263226 32 59 0
1263226 33 60 0
1263226 34 61 0
1263226 35 62 0
1263226 36 63 0
1263226 -28 -55 0
1263226 -29 -56 0
1263226 -30 -57 0
1263226 -31 -58 0
1263226 -32 -59 0
1263226 -33 -60 0
1263226 -34 -61 0
1263226 -35 -62 0
1263226 -36 -63 0
1263226 28 10 0
1263226 29 11 0
1263226 30 12 0
1263226 31 13 0
1263226 32 14 0
1263226 33 15 0
1263226 34 16 0
1263226 35 17 0
1263226 36 18 0
1263226 -28 -10 0
1263226 -29 -11 0
1263226 -30 -12 0
1263226 -31 -13 0
1263226 -32 -14 0
1263226 -33 -15 0
1263226 -34 -16 0
1263226 -35 -17 0
1263226 -36 -18 0
1263226 28 1 0
1263226 29 2 0
1263226 30 3 0
1263226 31 4 0
1263226 32 5 0
1263226 33 6 0
1263226 34 7 0
1263226 35 8 0
1263226 36 9 0
1263226 -28 -1 0
1263226 -29 -2 0
1263226 -30 -3 0
1263226 -31 -4 0
1263226 -32 -5 0
1263226 -33 -6 0
1263226 -34 -7 0
1263226 -35 -8 0
1263226 -36 -9 0
1263226 28 73 0
1263226 29 74 0
1263226 30 75 0
1263226 31 76 0
1263226 32 77 0
1263226 33 78 0
1263226 34 79 0
1263226 35 80 0
1263226 36 81 0
1263226 -28 -73 0
1263226 -29 -74 0
1263226 -30 -75 0
1263226 -31 -76 0
1263226 -32 -77 0
1263226 -33 -78 0
1263226 -34 -79 0
1263226 -35 -80 0
1263226 -36 -81 0
1263226 28 37 0
1263226 29 38 0
1263226 30 39 0
1263226 31 40 0
1263226 32 41 0
1263226 33 42 0
1263226 34 43 0
1263226 35 44 0
1263226 36 45 0
1263226 -28 -37 0
1263226 -29 -38 0
1263226 -30 -39 0
1263226 -31 -40 0
1263226 -32 -41 0
1263226 -33 -42 0
1263226 -34 -43 0
1263226 -35 -44 0
1263226 -36 -45 0
1263226 28 46 0
1263226 29 47 0
1263226 30 48 0
1263226 31 49 0
1263226 32 50 0
1263226 33 51 0
1263226 34 52 0
1263226 35 53 0
1263226 36 54 0
1263226 -28 -46 0
1263226 -29 -47 0
1263226 -30 -48 0
1263226 -31 -49 0
1263226 -32 -50 0
1263226 -33 -51 0
1263226 -34 -52 0
1263226 -35 -53 0
1263226 -36 -54 0
1263226 28 64 0
1263226 29 65 0
1263226 30 66 0
1263226 31 67 0
1263226 32 68 0
1263226 33 69 0
1263226 34 70 0
1263226 35 71 0
1263226 36 72 0
1263226 -28 -64 0
1263226 -29 -65 0
1263226 -30 -66 0
1263226 -31 -67 0
1263226 -32 -68 0
1263226 -33 -69 0
1263226 -34 -70 0
1263226 -35 -71 0
1263226 -36 -72 0
1263226 28 55 0
1263226 29 56 0
1263226 30 57 0
1263226 31 58 0
1263226 32 59 0
1263226 33 60 0
1263226 34 61 0
1263226 35 62 0
1263226 36 63 0
1263226 -28 -55 0
1263226 -29 -56 0
1263226 -30 -57 0
1263226 -31 -58 0
1263226 -32 -59 0
1263226 -33 -60 0
1263226 -34 -61 0
1263226 -35 -62 0
1263226 -36 -63 0
7017920 28 10 0
7017920 29 11 0
7017920 30 12 0
7017920 31 13 0
7017920 32 14 0
7017920 33 15 0
7017920 34 16 0
7017920 35 17 0
7017920 36 18 0
7017920 -28 -10 0
7017920 -29 -11 0
7017920 -30 -12 0
7017920 -31 -13 0
7017920 -32 -14 0
7017920 -33 -15 0
7017920 -34 -16 0
7017920 -35 -17 0
7017920 -36 -18 0
7017920 28 1 0
7017920 29 2 0
7017920 30 3 0
7017920 31 4 0
7017920 32 5 0
7017920 33 6 0
7017920 34 7 0
7017920 35 8 0
7017920 36 9 0
7017920 -28 -1 0
7017920 -29 -2 0
7017920 -30 -3 0
7017920 -31 -4 0
7017920 -32 -5 0
7017920 -33 -6 0
7017920 -34 -7 0
7017920 -35 -8 0
7017920 -36 -9 0
7017920 28 37 0
7017920 29 38 0
7017920 30 39 0
7017920 31 40 0
7017920 32 41 0
7017920 33 42 0
7017920 34 43 0
7017920 35 44 0
7017920 36 45 0
7017920 -28 -37 0
7017920 -29 -38 0
7017920 -30 -39 0
7017920 -31 -40 0
7017920 -32 -41 0
7017920 -33 -42 0
7017920 -34 -43 0
7017920 -35 -44 0
7017920 -36 -45 0
7017920 28 46 0
7017920 29 47 0
7017920 30 48 0
7017920 31 49 0
7017920 32 50 0
7017920 33 51 0
7017920 34 52 0
7017920 35 53 0
7017920 36 54 0
7017920 -28 -46 0
7017920 -29 -47 0
7017920 -30 -48 0
7017920 -31 -49 0
7017920 -32 -50 0
7017920 -33 -51 0
7017920 -34 -52 0
7017920 -35 -53 0
7017920 -36 -54 0
7017920 28 64 0
7017920 29 65 0
7017920 30 66 0
7017920 31 67 0
7017920 32 68 0
7017920 33 69 0
7017920 34 70 0
7017920 35 71 0
7017920 36 72 0
7017920 -28 -64 0
7017920 -29 -65 0
7017920 -30 -66 0
7017920 -31 -67 0
7017920 -32 -68 0
7017920 -33 -69 0
7017920 -34 -70 0
7017920 -35 -71 0
7017920 -36 -72 0
7017920 28 19 0
7017920 29 20 0
7017920 30 21 0
7017920 31 22 0
7017920 32 23 0
7017920 33 24 0
7017920 34 25 0
7017920 35 26 0
7017920 36 27 0
7017920 -28 -19 0
7017920 -29 -20 0
7017920 -30 -21 0
7017920 -31 -22 0
7017920 -32 -23 0
7017920 -33 -24 0
7017920 -34 -25 0
7017920 -35 -26 0
7017920 -36 -27 0
7017920 28 55 0
7017920 29 56 0
7017920 30 57 0
7017920 31 58 0
7017920 32 59 0
7017920 33 60 0
7017920 34 61 0
7017920 35 62 0
7017920 36 63 0
7017920 -28 -55 0
7017920 -29 -56 0
7017920 -30 -57 0
7017920 -31 -58 0
7017920 -32 -59 0
7017920 -33 -60 0
7017920 -34 -61 0
7017920 -35 -62 0
7017920 -36 -63 0